000000519639
000000397042
000000486717
000000341121
000000049798
000000027272
000000474448
001821
009433
000000018748
2008_006912
2008_005646
000000363273
000000349376
000000272480
000000014990
000000525884
000000385001
000000188375
000000005113
003256
000000326390
000000287695
000000144062
000000542809
000407
000000131884
000000290354
2008_007653
000000123099
007721
000000535536
000000535183
000000005105
002931
000000132992
000000415841
000000338061
000000101703
000000225126
000000463201
000000174868
000000241837
2010_004908
000000406340
000000311999
000000536752
2009_001044
2009_001028
000000367528
007052
008132
000000344814
000000367268
000000344043
000000472659
000000256285
000000392387
000000124190
000000514073
000000355347
2009_003165
000000195332
2008_002948
003634
000000129613
000000312289
000000091052
000000412325
000000439445
000000321039
000000526696
000000366576
2008_002307
2008_002123
000000462677
2008_008701
000000435882
000000296252
000000347210
2010_001325
000000530282
000000148839
000000109586
000000054225
000000133835
000000342774
000000263723
000000450391
2009_002712
000000305576
000000221557
008731
2011_001741
000000378711
004149
000459
000000261879
000000299353
000000215357
000000182316
000000213854
000000357633
000000504554
2008_006793
000000248912
000000237851
000000288983
2008_003913
000000423855
000000395291
000000377183
000000178221
000000557628
000000138556
2009_003588
000000062481
000654
2009_004075
000000402206
2008_000089
2009_003517
000000211604
000000031738
000000485179
2009_001781
000000251439
000000191585
000000427654
000000444749
000000395321
000000334884
008121
000000520199
000000366665
000000111371
000000406034
000000565165
007732
000000356648
000000297227
000000017945
002757
000000376763
000000375728
000000372868
000000461175
000000542145
000000480509
000000142953
000000337662
000000339020
2009_003143
000000359945
000000405683
2010_000284
005672
000000105601
000000078436
000000317054
000000116358
000000237783
2010_001717
000000224530
002114
000000179681
2010_003942
000000333440
000000452947
000000475306
000000096582
000000168812
2008_006427
2008_008757
000000439270
000000087194
000000181922
000000381458
2011_000257
000000294035
000000120905
000000300868
000000575631
000000443410
000000319962
000000509415
000000360173
2010_004363
000000363403
000000332562
000000425556
000000328327
000000416690
000000093672
000000499682
000000240960
000000319105
2010_000973
009034
002838
000000377594
000637
2009_000130
000000144635
000000246342
000000291677
000000111673
000000022767
000000358302
000000321679
000000128553
004436
2009_004619
000000214899
000000530287
000000359695
000000399456
000000518843
2009_001847
000000171038
000000216096
000000428726
000000327462
000000347740
000000450897
000000178034
000000460812
000000075624
000000052011
000000244571
2008_003585
000000275120
000000550392
000000073560
000000574153
2009_004562
000000301591
000000473125
000000563138
000000265708
2010_005416
2010_004937
000000215135
000000340019
000000529963
000000517534
000000461278
000000357088
000000374072
000000525075
000000399937
000000269862
000000378667
000000121525
000000022498
006028
000000375962
000000201839
000000570394
2009_004159
2008_003607
000000033845
000000159969
000000220366
000000276893
000000484060
000000106045
000000253890
2010_000938
000000184672
000000581181
000000055434
006945
000000091883
000000117061
000000282659
000000348091
002328
000000144693
000000371513
000000016359
000000062817
000000278082
000000316657
000000406662
000000344893
000000322816
000000545900
000000012153
000000431820
000000410932
000000339978
000000481725
000000071986
000000419232
000000565233
001439
000000576705
000000154254
2010_002041
000000422063
2008_008676
000000304716
000000350132
2008_007928
008932
000000312381
000000291417
004935
000000194698
000000323489
000000445574
000000459032
005331
2010_002269
2008_004725
000000101115
000000405660
2009_001605
009958
000000020179
000000350174
000000117454
000000018773
001750
000000381261
000000320752
000000445670
000000519271
000000161941
000000542321
2011_001008
000000535649
000000147520
000000288713
000000034684
000000019916
2008_005987
000000163436
000000271780
000000256190
2010_003390
2011_001288
2008_006953
000000516487
000000128377
000000210981
000000095533
000000370729
000000183588
2010_004224
005363
000000112590
000000371873
000000103108
000000154062
000000210988
000000224693
000000152914
001945
2011_002019
009407
000000199940
000000445167
000000565680
000000197759
000000318999
000000059868
000000189156
000000298261
000000367509
000000177824
000000408208
000000002752
000000280377
000000146602
000000213819
000000538747
2010_004119
000000262954
2011_001508
000000378558
2008_006072
000000409160
2009_002530
000000498729
000000351830
000000062756
000000557824
002116
000000140289
000000566681
000000130485
000000272538
000000449914
2010_005285
000000422367
2010_003138
000000014014
000000188084
000000228953
000000364437
2009_004588
2010_004683
000000174694
2009_003598
000000336230
000000280941
000000455543
000000495059
000000054448
2009_001412
000000581127
2009_004669
000000457981
000000432008
2009_002967
000000415958
000000490711
2009_004905
000000188189
000000342460
000000571389
000000518769
000000189842
000000340081
000000458057
2010_005692
000000036113
000000036059
000000183080
000000455809
000000189071
000000178962
000000222244
000000313009
000000324366
000000106216
000000081259
000000318355
2010_001807
000000151482
000000529676
000000003335
000000195542
000000327656
2009_001705
000000356302
000000524991
000000447501
000000409603
000000128431
000000199923
000000563696
009691
2008_007226
000000495310
000000058225
000000180869
000000275529
000000074759
000000410966
000000531335
2008_007392
2008_001359
2010_005062
000000396421
000000563904
000000124311
000000186038
000000099851
000000092187
000000427401
2008_002943
2010_001024
007298
2010_002193
000000060515
000000557334
000000459967
000000243820
000000577669
000000367881
2009_005111
000915
000000533159
000000522108
000000504425
2011_002179
2010_003054
000000301194
000000015678
000000427560
000000006107
000000497494
000000117466
2008_004754
000000165927
000000458922
000000336182
000000179242
000000321382
000000299481
000000323851
000000143926
000000194536
000000318904
000000300972
000000573341
000000579859
009860
000000212824
000000213694
2008_006390
000000359746
000000093519
000000102671
000000232001
2011_001650
2009_003304
000000396890
000450
2010_001063
000000558619
000000135258
000000046085
000000017583
000000217859
000000204051
000000541456
000000300324
000000573949
000000230268
000000475451
003270
000000313340
000000324894
000000465595
000000085543
000000567389
000000165433
000000392905
000000217131
000000336634
000000313341
000000051342
001557
000000084740
000000346880
002259
000000231895
000000398157
000000405032
000000183456
000000199363
000000317022
000000414539
000000534081
000000488539
2009_001539
000000364993
000000096986
2008_004917
000000549284
000000542213
000000433288
2010_000399
006874
000000061526
000000388075
000000254244
000000097563
2008_001737
000000033643
000000166043
000000057744
000000469810
000000440358
2011_003275
000000484273
004630
000000159606
2008_002908
2010_002195
2010_001250
2010_001054
2010_004551
000000155749
000000550784
000000560787
2010_005512
000000079193
000000250364
000000086065
000000113397
000000516008
000000512455
2009_002472
000000179611
000000290080
2009_002328
000000461428
000000231140
000000314420
2008_007312
000000161856
000000343506
000000482362
000000575918
2008_007334
2008_003182
000000062348
000000530535
2009_003377
000000414857
000000275868
000000564836
000000203673
2008_000999
000000081571
002794
2010_003656
2009_002420
000000032779
000000120907
000000488632
000000232972
000000375169
005764
000000396165
000000111873
2009_003965
000000196028
000000429033
000000024922
000000301169
000000202414
000000164234
000000085518
000000367838
000000479474
000000205384
2008_004394
000000406743
000000490437
000000174667
000000092649
000000530896
000000490481
000000579201
2008_003978
000000310972
000000455665
000000308829
2010_004028
009947
000000441430
000000364757
000000317062
000000235795
000000117768
000000511644
000000052873
2009_004857
005007
000000363100
000000014319
000000548936
2010_003541
000000553808
000000122537
000000262191
000000527748
000000137029
000000280177
000000497476
000000334714
000000329124
000000058245
000000082438
000000058089
000000362120
000000562248
000000210844
006842
000000198751
2008_003055
000000348207
2008_003971
000000351081
000000574343
2008_000976
2010_004253
000000511789
2009_001906
004016
000000270185
000000487141
000000291286
000000031375
000000168114
000000327337
000000386958
000000105633
000000020692
000000161762
000000120767
2008_002958
000000048398
000000496196
000000345987
000000438071
000000055244
2010_000139
000000354955
000000236282
000000467500
000000397980
000000230094
000000366560
2011_001666
000000575594
000000094949
000000524338
000000280734
000000349313
2008_006071
000000338094
000000208844
2009_002772
000000421897
008699
000000391678
000000276894
2008_001177
000000067798
000000239752
000000169732
000000211112
2008_002887
000000254127
000000516080
000000520114
000000057586
000000214766
000000491290
000000469777
000000361490
000000375232
000000357584
2009_003577
000000310331
2008_003849
000000069411
2009_000420
000000237720
2011_000072
2010_004332
000000400603
000000242709
000000559953
000000020561
000000128334
000000336763
2010_000089
000000561046
000000170766
000000319275
000000097662
000000033938
2008_001682
2010_003477
000000111347
000000225363
000000168546
000000491336
008766
000000152628
2011_002330
000000043375
000000349201
2010_003371
000000485933
2009_003694
000000039004
000000003242
000000078638
2010_002578
000000414772
000000020481
000000112093
000000060737
000000094518
000000483530
000000070868
2009_003373
000000008191
2009_004540
000000515896
000000341457
000000033068
000000093534
2009_002705
000000228330
000834
000000214024
000000144194
000000574368
2008_003637
000000543942
000000092181
000000254241
000000132795
000000533097
000000269592
000000478874
000000261051
2010_002667
2011_000206
2010_002512
000000139728
000000028251
000000312454
000000540175
000000391388
000000567219
2011_000319
000000456003
000000445443
000000487994
000000176192
000000226966
000000277498
2010_004225
000000243355
000000068205
009200
000000429261
000000030334
000000275893
2008_008080
000000178847
000000482545
004584
000000098187
000000116526
000000432569
000000560311
000000319931
000000466430
000000401594
000000188130
000000521200
000000112577
000000428602
000000511143
000000260024
2009_002941
000000288416
000000012735
2009_002338
000000475523
000000493417
2008_003081
000000558556
000000140666
006206
000000463751
004224
2008_000446
000000512582
000000180020
000000534958
009166
000000006580
005036
2009_004880
2011_001620
000000550760
000000011107
000000230296
000000552273
000000389137
2008_005168
000000003442
000000345005
000000119423
2011_001030
000000454979
000000323476
2010_004002
000000519218
000000373893
000000147501
000832
000000381112
000000148677
000782
000000570951
000000317986
2009_001042
000000352841
003956
000000146907
000000394666
000000394598
000000438349
000000103815
2009_004766
000000091006
000000049190
000000264618
000000409572
000000033871
000000518974
000000220250
2010_002746
000000151172
000000101806
2008_007321
000000524681
000000227652
2010_001463
2009_001476
000000488423
000000116557
000000433214
009932
000000296698
000000542984
000000223122
000000233926
000000023718
2009_000305
000000008228
000000105444
000000074150
000000343140
000000066320
000000169562
000000426674
000000106636
007600
000000185591
000000559462
000000473706
000000451826
000000355161
000000163171
2010_000927
000000231253
000000002759
000000363298
000000038838
000000538925
000000144503
000000565876
000000214008
2010_003736
000000417074
000000395344
000000469188
000000281656
001112
000000047638
000000203098
000000209203
000000139482
000000249969
000000252348
000000401602
000000043960
2008_000235
000000471342
001647
000000253930
000000174735
2009_001164
000000094609
000000029274
000000424823
2008_005763
000000423327
2008_005140
000000056201
000000225518
000000360399
000000196944
000000152600
007168
000000405675
000000133195
000000560307
2008_002866
000000428152
000000553548
006095
000000358451
000000227960
000000194050
000000094004
000000578524
000000205605
2010_005753
000000304125
005128
000000050563
000000305713
000000280036
000000464888
2010_001214
000000379310
000000212303
000000548174
2010_000043
2010_004878
006295
2009_003394
000000029370
000000171841
000000353806
000000310369
000000538775
000000104326
000000354316
000000490654
000000003521
000000397717
000000212363
2008_000080
000000166124
000000227497
000000024787
000000261182
000000072792
000000501889
009251
2008_001420
2011_003016
000000407050
000000091543
000000271166
2009_002632
2010_000329
000000538133
000000498730
000000357057
000000131352
2009_001312
000000404981
000000327089
009664
2009_001011
000000243938
2008_001673
000000045463
2009_002749
000000204994
2008_003313
000000405579
2009_005155
000000548962
004727
000000373880
000000103338
000000307124
000000271712
000000148956
000000220152
000000034196
000000226145
000000413792
000000369309
000000047548
000000460757
000000484377
000000080824
000000004980
000000219590
000000099511
000000417961
000000155793
2010_002065
000000096107
004773
000000531465
000000281663
000000302077
000000220782
000000105683
000000297426
000000295745
2010_000213
000000374005
003005
000000191686
000000565424
000000396120
000000313600
000000547639
000000236173
000000084821
000000258850
000000164780
000000117676
000950
000000171351
000000307670
000000141893
000000293124
000000109488
000000549378
000000051704
000000511390
000000302687
000000494236
000000417458
2008_001235
000000399630
000000084211
000000192212
2010_000576
003129
000000044816
002873
000000012726
000000047419
000000395225
000000147681
000000022008
2009_001972
000764
000000072715
000000195163
000000069197
000000458625
000000259242
2008_005345
2009_000661
000000414115
000000320667
2010_001076
000000008504
2008_006059
000000372971
2008_005240
000000267611
000000285249
000000548223
2010_002431
000000223832
000000553934
000000259228
2011_002515
000000026263
000000297637
000000174901
000000317028
000000569716
000000198367
000000423165
000000486789
000000316725
000000014869
000000122343
000000028976
000996
000000392985
000000244122
2009_003189
000000524702
000000171936
000000005038
005641
000000543689
2008_008402
000000071573
000000455363
000000329457
000000121366
000000532398
000000443688
000982
000000442668
000000225345
000000117178
2011_001652
000000187537
000000563764
000000122457
2011_000979
000000543201
000000081485
000000417542
000000086320
000000347773
2010_003436
000000013783
000000034580
008810
000000210368
000000068162
000000208147
000000154717
000000300326
000000083641
000000303550
000000535961
000000416603
2009_003238
000000552066
000000557155
2009_000199
000000031596
2008_006831
000000529804
000000035664
000000164680
000000280490
000000159198
000000351591
000000229008
2010_004400
000000207481
000000052340
000000545411
000372
2010_000388
000000038305
000000059774
000000325390
000000011987
009053
000000452050
000000324000
000000369179
000000220307
000000019131
000000236571
005171
000000337269
000000093280
000000252943
2011_000178
000000163473
000000426269
000000246478
000000341865
000000480977
000000314689
2010_003774
000000188310
000000319613
000000434319
000000058609
000000127997
000000042696
003588
2008_002079
000000337390
000000431393
000000349947
000000165916
000000281700
003228
009828
000000183882
000000362852
000000452912
2009_003760
000000038034
003284
000000430621
000000156367
000000384152
000000540885
000000050609
000000188545
2010_003912
000000180524
000000027162
2009_003430
000000303495
000000069504
2009_000417
000000140188
000000220838
000000429251
000000568462
000000507750
000000500330
000000263714
000000182424
000000091942
000000092059
002682
000000569274
000000419712
000000354322
000000187757
000000045392
000000368218
000000166060
000000547308
000000556956
2009_002817
2010_004980
000000039698
000000335539
000000170394
000000322008
000000082901
000000366179
2009_001640
000000227326
000000484884
2010_005620
004304
000000452908
000000193095
000000379144
000000405752
000000507830
000000427980
003499
000000049175
000000559516
000000377465
000000580843
000000018425
000000020145
000000358901
000000379767
000000236338
000000471932
2010_005712
000000154301
2008_001843
000000187134
000000548702
000000276037
000000240485
000000517690
007336
007260
2008_004602
000000097729
000000560691
000000161772
000000089258
000000192164
000000370233
2008_004347
000000338077
000000493459
000000153639
000000056206
000000503255
000000496099
000000485629
000000280721
000000290718
000000362839
000000140758
000000503822
000000144430
000000365880
000000109174
000973
000000477417
000000408431
000000253810
005906
000000256731
000000398494
000000229180
000000124331
000000102974
2011_000541
000000513956
000000546963
000000251418
000000084363
000000423935
003008
003343
000000261863
000000118785
000000365310
002600
000000520155
000000297173
000000221430
000000402528
000000331664
000000510592
2010_001254
000000199783
000000287236
000000260655
000000053748
000000282568
000000424108
007762
000000357613
008415
2009_004763
000000243296
000000035796
000000329386
000000465449
000000293034
000000152202
000000183481
009303
000000543330
000000245874
000000028093
000000508299
000000415360
009160
000000405838
002417
000000568878
2008_002082
000000279974
2008_008526
2011_001208
2009_002346
2008_003704
000000499480
000000110616
007146
000000297414
000000415646
2011_001139
000000442356
000000560235
000000402199
000000125407
000000272790
000000333629
2010_002701
000000402235
000000241214
003604
000000376193
000000552018
000000177763
2009_000419
000000413600
000000415789
000000076249
000000578203
000000204502
2008_003463
004926
000000107770
002916
000000262054
000000083014
000000058075
2010_004249
000000528957
000000580835
000000074603
000000343610
000000050350
2010_003293
000000510827
000000468471
000000460022
000000522054
000000097683
000000407570
000000338978
000000281003
000000535928
000000569289
000000536923
000000114419
000000160259
000000227230
2009_003153
2011_002656
000000147779
005307
2008_005907
000000353909
000000107571
2010_001293
000000064534
2010_001422
2011_000036
000000014036
000000129765
2010_000401
000000164871
000000023098
000000281602
005398
000000365626
000000470053
008815
000000541105
000000494383
000000241728
000000494599
000000524027
2008_005779
000000088613
000000005559
2008_008154
000000262013
000000212058
000000021343
000000578147
000000564884
000000323581
000000509484
000000174896
000000134955
000000522704
000000077899
000000256431
000000341145
000000442197
000000295317
000000104607
000000465229
2009_004645
000000341874
000000562014
000000530384
000000429614
2008_006779
000000528448
000000101522
000000555613
000000388511
000000136375
2008_001040
009685
000000422769
2009_004446
2010_001853
000000033144
006189
2010_005647
000000139729
000000488363
000000021269
000000491118
2009_000343
000000362314
000000517582
003455
2008_008533
004333
000000516823
000000175368
000000224688
000000248622
000000344491
000000255969
000000124663
000000071024
2011_002174
000000000502
000000499004
000000209921
000000207400
000000426551
000000036433
000000447639
000000140291
2009_000679
007021
000000097146
000000393193
000000061854
000000481607
005439
000000214204
000000369304
000000559995
000000233395
000000329546
2008_005897
000000571721
000000480575
000000078760
000000447151
000000011680
2010_000658
000000100000
000000152886
2008_007621
2009_003142
2011_000290
000000459210
2008_007752
000000254706
000000042868
2008_006952
000000131030
000000186276
000000465740
000000318231
2010_005187
000000337062
000000511549
000000072370
000000278168
000000046106
2008_005316
000000206469
000000329806
000000557931
000000547644
008033
000000037394
000000168837
2008_008598
000000379434
000000234942
000000018670
2010_004778
005676
000000542041
000000493773
000000489099
000000076245
2010_004826
000000305660
000000042740
000000533377
000000031642
000000263783
000000291528
000000283584
006202
000000007570
000000403307
000000475319
000000220371
000000035571
000000125042
000000311891
000000373421
000000495125
000000502581
000000130741
000000208022
000000474105
000000317428
2009_004043
009373
000000136360
000000433714
2010_002366
001662
000000157084
006098
000000053518
2011_000638
000000554335
000000463309
2008_001866
000000440652
004859
000000303590
000000058073
000000012754
000000033527
2011_002554
000000261829
000000293658
000000390068
2008_005338
000000441253
000000043165
2009_003544
000000021504
000000121884
000000230428
004514
2009_004351
000000000415
000000420124
002669
000000447877
000000022150
000000028981
2011_001977
000000390160
000000248163
2008_007084
000000569143
000000082480
2008_000833
000000268510
000000112358
000000083036
000000491279
000000031113
2009_000894
000000490311
000000236290
2009_002932
000000117368
000000439692
000000531266
009520
2008_002668
2009_003469
000000321690
000000425400
000000082118
000000500789
000000125617
000000215863
000000441449
000000431201
2010_000038
000000292464
003161
000000315013
000000101426
000000042355
000000460134
000000156955
000000119923
000000091341
000000338889
000000033787
000000326836
000000473491
000000444409
000000368086
000000143767
000000116771
000000291574
000000545293
000000223194
000000252751
000000053143
002387
000000312282
000000004296
000000288944
2010_001676
000000209200
000000189371
000000500825
000000577868
000000010655
2008_002882
000000134712
000000018316
000000287337
000000361462
000000425004
2011_002186
000000429806
2008_002459
000000362608
000000524476
000000021801
000000286530
000000158588
2008_001399
000000552945
2008_007194
009191
000000069365
000000275339
2008_002735
000000202413
2009_001976
007370
000000357418
000000252093
000000090322
000000483401
000000413245
009717
000000141795
000000295780
000000256787
000000497245
000000402331
001541
000000301082
000000055419
000000579003
000000006407
000000140787
000000323291
000000521106
000000077548
2009_003251
000000437292
000000535262
007350
000000500219
000000558942
000000048728
2009_001206
000000383660
2009_003835
000000408255
2009_002897
000000200814
2009_004131
2009_005240
000000303016
000000241622
000000284582
000000104884
000000062562
000000292661
000000100990
000000158222
000000406268
000000488250
003054
000000067779
000000229990
2011_001586
000000362114
000000445745
000000244931
000000049841
007980
000000232376
000000175855
000000047948
002251
000000451352
000000451375
000000379845
000000527054
000000337607
000000217494
000000570573
000000546685
000000100516
000000535135
000000324262
000000026185
2011_001163
000000010142
000000065371
000000321500
000000292257
000000236766
000000100413
000000330315
000000428686
000000243857
000000532714
000000154306
2011_000434
000000203602
000000241156
000000412798
000000074959
2010_002315
000000059152
000000157029
2011_000332
2010_005093
000000038532
000000420697
000000253732
000000345436
2008_008024
000000203481
000000466575
000000561763
000000549559
000000090125
000000373476
000000464347
000000457834
000000580942
000000432683
000000398613
000000151694
000000453526
000000572061
000000279818
2009_001070
000000010581
009161
004552
000000158422
000000198464
000000075076
000000097194
000000574108
2008_002429
000000434628
000000364850
000000308589
000000243231
000000469614
000000284732
000000301747
000000484619
000000536058
000000294663
000000292549
000000161983
2010_003976
000000501204
2011_002742
000000475043
000000367275
000000276057
000000287970
007814
000000414698
000000002614
000000371245
000000296858
000000079083
000000158362
000000372604
000000168282
000000042685
000000176925
000000113166
000000309285
000000206489
000000272223
000000360868
000000473256
000000192118
2009_001197
000000324135
2009_001806
000000398407
000000205525
000000190002
000000227433
006876
000000287585
000000185436
000000168061
000000176032
000000485333
000000538846
000000274551
2011_001505
000000338618
000000531657
000000137571
000000102632
000000094012
000000147398
000000427165
000000506945
000000421822
000000039958
000000080801
2008_000093
000000160239
000000182967
000000376667
000000293072
000000218223
000000570483
000000258815
2009_005302
2011_002881
000000060513
000000525807
000000026529
000000289790
003184
000000147829
000000028319
000000124617
000000299544
000000440778
000000515197
000000145488
000000479597
000000452359
000000061837
009230
000000365258
000000258927
000000175540
000000483247
000000157342
000000109707
000000088538
006029
000000316441
000000410638
2008_003821
000000444350
000000281221
2008_001168
000000555778
000000307603
000000576527
000000023541
000000575754
000000200618
000000387208
000000376843
000000384089
000000361959
000000194727
000000016383
000000246040
000000189239
000000473849
000000552336
001292
000000477862
000000517405
000000108897
000000524656
000000242089
000000141343
000000369576
000000491558
000000441287
000000291321
2010_003605
000000367582
000000498156
000000508200
000000541550
2008_000815
000000405529
000000203269
000000237225
000000300137
000000206465
000000162309
2008_004783
000000264322
000000320893
000000342025
000000508414
000000528299
000000324115
000000436564
000000097097
000000471210
000000153506
000000035097
000000532819
000000456200
000000146936
000000192266
000000433224
000000171376
000000274907
2011_002039
000000304385
000000209006
000000570594
000000263493
000000305686
000000577385
008702
2009_001807
000000279978
000000468243
006243
000000162213
000000072023
000000249273
000000027478
000000355304
000000556641
000000424018
000000413699
000000396528
000000541288
2009_004716
000000066853
000000314694
003537
000000376366
2010_006009
000000201601
000000309406
006731
000000508972
000000219943
2010_005252
2010_002752
000000223243
000000340736
000000312247
000000057284
000000134846
000000010800
000000468623
000000225834
000000087889
000000124594
004279
000000407210
000000091675
000000268892
000000302216
000000077650
000000573431
000000196168
000000288860
000000570938
2009_000771
2010_004795
000000233959
000000510138
000000225191
000000463477
000000501229
000000464766
000000211476
000000111369
000000322866
000000462955
000000173185
000000208008
2009_003425
000000494751
005768
000000389974
000000271157
000000232679
000000534049
000000504099
2010_001087
000000560660
000000196885
000000066003
000000553600
000000351890
000000179586
000000159702
000000511191
000000111129
000000426152
2009_003118
2008_007913
000000566277
000000329939
000000271729
005874
000000084002
000000285132
000000543729
000000378905
2010_001794
000000580029
000000071881
000000257713
000000533228
006638
000000449981
2010_001245
000000135976
000000086987
000000515924
000000147694
007329
000000029875
000000361394
000000011996
2011_001001
000000113493
000000463603
000000514049
000000047074
000000339054
000000129187
003918
000000289107
000000360300
2008_006881
000000375361
000000313465
000000364244
003031
000000428739
000000492321
000554
002186
2009_000184
000000138982
000000130088
000000447378
000000412666
000000040730
000000301148
000000099423
000000025797
000000116074
000000528938
000000486257
000000441464
2011_000445
000000410225
2009_005201
000000120491
002126
000000094010
008592
2010_004479
000000327576
2010_001922
000000044637
2010_003703
000000368559
000000517981
000000401425
2010_004059
2008_002311
000000107954
000000511165
000000090645
000000478689
000000530019
000000270388
000000418109
2008_006737
2009_003652
2010_004983
2009_001937
000000389771
000000026747
2010_001051
000000080445
000000406813
000000546074
000000374448
000000227418
000000259951
2011_001946
2009_000828
000000529379
000000551718
000000405334
000000308582
000000246089
000000567410
000000481627
000000255179
000000528224
000000337366
000000506920
2008_001390
000000084268
000000339253
000000234357
000000543454
000000346095
000000201628
2008_000188
000000135965
000000565694
000000214648
000000049444
2008_006540
000000459799
000540
2010_001759
000000512217
000000220277
008279
000000241236
000000459382
000000104974
000000081155
000000371201
000000365282
000000347957
000000511208
2008_006624
000000341110
000000240615
007933
2009_003023
000000250268
000000121112
000000135708
000000304777
000000166375
004392
000000188346
000000371058
000000402406
000000356507
000000495681
2009_001104
2009_002549
000000377647
000000246322
000000407192
2010_003585
000000044609
000012
000000516988
000000254911
000000095380
000000142890
000000386079
2011_000973
000000411171
000000245920
000000466145
000000515056
000000154713
2008_002247
000000043227
000000546320
000000561565
000000076765
006706
2009_001268
000000496869
000000175162
000000199554
2009_002267
000000224596
000000287550
2008_002448
000000335688
000000562144
2010_004957
000000276135
000000425576
000000439621
000000012895
000000403482
000000024851
000000105027
000000040418
000000503967
2008_004470
2010_001261
007984
000000140487
000000048684
000000235564
000000326465
000000386377
000000317206
000000248919
000000385980
000000238887
2008_001691
000000543289
000000010890
2009_001960
000000070813
000000188606
000000461902
000000121526
000000087327
000000490489
000000002284
2008_002850
2008_006178
000000467720
000000058647
000000575323
000000151790
000000285679
000000235582
2009_003562
000000245675
2009_002438
000000326063
000000006720
000000058681
000000570178
000000316397
000000306485
000000483476
000000129587
2011_000090
000000015262
000000349017
000000465359
000000432125
000000198923
000000364104
000000021740
000000042614
000000363303
000000316293
000000034795
000000144641
007873
000000523306
000000300537
000000547041
000000296303
000000434354
000000574675
000000236884
2008_004251
000000276631
000000193255
000000343863
000000350879
000000073446
000000289482
000000457703
000000142378
000000320670
000000254291
2010_002501
000000129897
000000296933
000000076203
000000248655
000000181852
000000441296
000000182758
2009_001782
000000075002
000000217228
000000187199
000000423919
000000209856
000000155191
000000519112
000000139645
2011_002644
000000158694
2009_002753
2011_001336
000000180662
2011_001354
000000574132
000000378778
007413
000000201394
000000470385
006264
000000245922
2011_001769
000000456705
000000554255
2008_007344
000000550365
000000581593
000000316143
000000128715
000000341513
2009_000577
000000260118
000000415647
000000172886
000000046065
2010_000061
2010_005637
000000075402
000000059455
000000574760
000000257821
000000005412
000000532128
000000248133
000000292101
000000414709
000000415446
000000158952
000000290828
009878
2010_001395
2009_003076
003274
000000065170
000000497855
000000009723
000000440827
000000517947
000000488032
000000168828
000000093535
007731
000000264338
000000114399
2010_002561
000000413324
000000234032
000000387595
000000152488
000000517296
000000461535
000000365471
000000098560
006499
000000505611
2008_005236
2008_000421
2009_001037
000000095132
000000394050
000000127863
000000208189
000000048824
2011_001521
000000441906
000000362166
000000420627
000000403194
2010_001405
000000115270
000000467273
000000025325
2010_002763
2010_002207
000000547742
000000222122
000000151358
000000117979
2009_004786
2010_003857
000000267594
2011_002810
000000576088
000000115345
000000439871
2011_002821
000000015726
000000444273
000000484579
2010_000080
000000063334
000000526467
000000408795
000000413128
002153
000000029838
000000475182
000000494446
000000302789
2009_003498
000000529542
000000373426
2011_002687
000000108548
2010_001592
000000386400
000000019874
2009_002204
2010_005160
000000481313
000000216160
000000575837
000000001063
000000495980
000229
009800
000000580562
000000307734
000000507154
000000110777
2011_001232
000000395409
2008_000515
000000258516
000000143499
000000449528
2011_002292
000000414130
003028
000000322594
000000270716
000000079121
000000560902
000000269798
2008_006553
000000312735
000000407717
000000407118
000000163385
000000091080
2009_002374
2010_002665
000000245825
000000394532
000000548703
000000550972
000000036484
000000134288
000000286692
000000101110
2009_004681
000000567488
000000247744
000000299417
2009_004464
000000515850
000000346938
000000040274
000000421759
000000039656
000000248769
000000431922
000000336637
2011_002852
2011_000888
2010_005019
2009_004980
000000160858
000000551036
000000489358
000000049957
000000427521
000000330419
2009_001778
000000246409
000000015693
000000450889
000000109971
000000160625
000000472865
2009_000344
000000545676
000000051894
000000551441
000000202739
000000041729
2008_006824
000000528344
000000521352
000000543814
000000369379
000000047949
000000019329
000000194425
000000560361
000000319902
000000224497
000000147122
000000089894
000000421205
000000392035
000000397687
000000478731
000000399837
000000179060
000000264712
000000147568
000000493048
000000580396
000000504598
000000014034
000000316636
000000117759
2011_002958
006382
000000518649
000000375769
000000155811
000000143501
000000032206
000000288659
000000079860
000000324713
2008_008217
000000190863
000000374208
2009_002844
000000411178
000000522977
000000566547
2009_001181
000000047054
000000041887
000000045680
000000053455
000000133115
000000425758
000000236632
000000418042
000000344802
000000000987
000000252986
001221
000000201374
000000371072
000000376990
000000134769
2008_006751
000000158965
2010_001107
2011_002359
000000197499
000000555038
000000376796
007219
000000078053
000000517936
2010_003002
008262
009022
000000325787
000000435260
000000447948
000000322692
000000040708
000000293577
001402
000000179720
000000369438
2011_002156
000000571728
007530
000000275270
2009_003039
000000059743
000000295688
004823
000000071726
000000293371
000000042366
000000253265
000000348584
000000099937
2010_003372
2011_000589
000000575949
000000571702
000000183762
000000011537
000000308847
000000494486
000000530972
2008_008192
000000021796
2011_001080
000000180764
000000360216
