000000346938
000000499480
000000399837
000000555778
000000514073
2009_005150
000000542321
002126
000000535262
000000416603
000000251439
000000447948
000000556956
000000158588
000000524681
000000348584
009664
000000104974
000000095533
000000334723
2009_001781
000000181852
000000116074
000000229180
004686
2010_000922
2009_002817
000000364757
008766
2008_005897
000000378667
2010_004908
000000393193
000000272538
004493
000000298261
000000014034
2009_001070
000000515210
000000386079
000000111347
000000461278
2008_001866
2008_007194
000000287531
2011_000541
000000316293
000000176925
000000121904
000000485333
000000139728
2010_001463
2008_001168
000000125617
000000347392
003228
000000466575
000000059152
000000519271
2009_003835
000000203602
000000565680
2009_002535
000000109390
000000408208
2010_003138
2011_001208
000000209200
000000175855
000000111129
000000160858
007413
000000099599
000000491290
000000538846
000000356302
000450
000000147520
003028
000000268892
2009_001312
000000092187
000000241837
2011_000090
000000330220
000000430621
000000299481
000000422367
000000316441
009828
2011_001001
2010_005512
000000103272
000000547308
007021
2010_005160
000000164234
000000442356
2009_003165
000000349017
000000268067
2010_003436
000000160429
2008_001682
000000077650
000000471342
008810
000229
2010_005753
000000546074
2009_004043
000000296303
000000208189
000000009723
000000394666
2009_000305
000000303590
000000465449
000000202414
000000261863
000000366576
000000521106
000000077990
000000564836
000000527219
000000204051
000000061526
009691
000000390160
000000222244
000000541456
000000280941
000000112093
000000090196
000000265503
2009_002772
2009_004588
000000267732
000000309285
000000287550
000000463649
000000248163
000000281656
000000429809
000000236632
000000433214
2010_003736
000000183762
004549
000000317986
000000326390
000000026484
007600
2008_008154
2008_004394
2008_000976
000000021343
000000402235
009166
000000421745
000000121525
000000262954
000000053748
003956
000000217131
2010_003372
000000377427
000000021269
000000546963
005874
000000244951
2008_002344
000000521352
000000346095
000000154717
2010_001807
2010_003976
000000236173
000000515924
003860
000000308847
009947
2009_003076
000000288944
000000285249
000000072266
2010_000576
000000005105
000000317424
000000076203
000000264338
004552
000000206890
000000576527
000000560311
000000359695
003343
2010_002207
000000577868
000000289107
000000097194
000000224693
000000501889
000000580562
000000405683
000000581181
000000346872
000000354316
000000543330
000000162213
000000113493
000000468894
002251
000000179242
000000452050
2008_003971
000000490481
000000523306
000000300326
2010_004363
000000536831
2010_000043
002328
2010_000439
000000579003
000000271729
000000077548
2009_001605
000000111371
2010_003585
000000350132
2010_002195
2010_001759
2009_002338
001662
000000071726
000000103338
000000281700
000000555613
000000452908
2008_001420
000000179586
000915
000000386958
000000138982
000000505611
000000557931
2008_007321
000000208022
000000288416
000000136360
000000220782
000000336637
000000268510
004224
000000391033
000000441464
000000117368
000000373880
003634
000000571721
000000325787
000000395291
000000416690
2008_005338
005625
000000218223
2008_001359
000000256190
2009_001104
000372
000000183456
000000072370
000000072023
2009_001164
000000447613
000000529379
000000503967
2010_004826
2008_004754
003005
000000199363
000000337062
000000469777
007731
000000544876
000000128715
000000034684
000000557628
2010_005466
004630
000000509415
000000365880
000000405675
000000213694
000000069197
000000294663
000540
000000408255
000000369576
000000285132
000000494550
001214
000000174868
000000534275
2008_000833
000000268737
000000319962
000000320893
000000350084
2008_006072
2010_001586
2008_008402
000000081571
000000303495
000000270185
000000524338
000000407717
2008_002429
2008_006793
000000531266
2009_004669
000000139956
000000147829
000000475523
000000435260
000000303436
002794
000000165907
2010_001054
000000513956
000000554740
000000418042
008519
000000202413
000000223243
000000023541
000000008191
000000182316
2008_008676
2011_000206
004514
008592
000000039698
000000279974
000000528448
2008_006912
000000301747
000000168812
000000235582
2009_001042
000000051342
2010_002752
000000099851
000000225345
000000222369
000000282659
000000045463
000000206465
000000117454
000000415958
000000096107
000000227230
000000297637
000000573341
000000246322
000000085518
2008_002882
000000010784
2010_002665
2009_004980
000000036433
000000127997
000000137571
000000110217
000000500219
000000574108
000000323489
000000168282
000000530972
000000340019
000000241214
000000419232
003284
000000574153
000000477005
000000143499
004246
000000367509
2009_004716
000000147122
000000281602
000000018425
2009_001476
000000119923
2010_004119
000000062562
000000508299
2009_004681
000000362314
000000467720
2009_001744
000000112590
000000063334
000000004980
2011_001030
000000078026
006206
000000082901
000000473125
000000404981
000000033938
000000409572
000000286382
000000067779
000000512217
2010_003942
000000177763
000000406340
000000151267
000000297227
000000075076
000000323476
000000154301
004304
000000244122
000000580942
000000545900
2008_004347
2009_003588
000000238887
2010_002501
007168
000000110777
000000461902
000000457981
2010_004224
2010_004002
000000020179
000000147568
000000427980
2010_003371
000000211604
2011_001769
004859
2010_000038
003537
000000401602
000000159135
000000009988
000000399615
005398
000000575949
004279
000000175020
000000574368
000000360173
000000269862
004727
007980
000000415770
000000422063
2010_004332
2009_002705
2008_005987
000000413324
000000546320
2008_004602
000000223832
000000287970
000000517296
000000137029
2008_006540
000000145488
000000282568
000000369379
000000191686
000000414698
000000290718
000000505962
2010_004059
000000488539
000000249273
006264
000000124232
2010_004249
000000109174
000000252751
000000248655
2008_003081
2008_007913
2008_003704
2009_000771
2008_001691
000000031596
002600
000000524991
2011_001008
2010_005712
2010_003477
000000415789
2009_005302
000000143501
000000406743
000000166124
000000226966
2009_002632
000000171376
000000288983
000000542213
2009_003640
000000513168
000000010890
000000570938
000000090322
000000526371
000000080445
009407
000000472865
000000323752
000000325390
000000004296
000000518769
000000236282
007873
000000224530
2010_004983
000000532128
000000187134
005128
000000279818
008815
2008_007621
000000577669
000000257821
2010_000973
000000410966
2011_002019
000000033144
000000245825
2008_005316
000000312454
000000330419
000000375728
000000580843
000000275339
2008_000805
000000112096
000000342025
000000316657
000000059868
000000254291
000000475451
003270
000000504099
2009_001906
2010_001922
000000033643
000000324366
000000344893
000000530384
000000560361
000000369438
000000260024
000000005559
000000374072
2011_002330
000000543289
2008_002082
000000027478
000000576705
000000509484
000000420627
000000567219
000000376843
000000402331
000000109707
000000406662
000000247217
000000399630
000000432569
000000431393
2009_001181
000000158965
000000580835
000000293658
000000451352
000459
000000211112
2008_000815
000000278082
000000367268
000000122457
000000375169
000000570483
000000225786
000000324115
000000227960
002682
000000124190
000000470053
000000412666
000000297414
000000489358
000000496826
000000039958
000000117979
000000440652
000000263783
000000302789
000000188130
000000426674
2009_004540
000000098187
000000425004
000000006407
2011_000445
000000119423
000000269798
000000116358
2010_002667
000000484060
000000157029
000000246478
000000214648
006096
000000237783
000000415647
000000291286
000000347773
2010_003541
000000356648
2011_000434
000000424823
000000558942
001292
000000287585
000982
2009_003039
2009_003896
000000378778
2009_005155
000000103108
000000015726
2009_002980
000000145935
2010_002763
2011_001138
000000170766
000000488303
2009_000417
000000427401
000000130741
000654
000000431201
2009_001011
000000245675
000000495980
000000317054
000000351890
2010_005637
2011_000095
000000369304
000000084211
000000101522
000000210404
2010_002565
006874
000000052192
000000342774
2009_001539
000000347210
000000296698
000000217494
000000142953
000000511390
000000179953
000000026185
007350
000000225567
000000088613
000000083014
000000376667
000000212363
2009_001807
000000273879
2010_001250
2009_003142
2009_001044
000000375962
000000417542
2010_000399
2009_003118
008932
000000223587
000000429614
000000276894
2011_000682
000000512582
000000042696
000000035796
000000016758
2010_000506
2011_002656
000000029875
001402
000000506920
000000549284
000000459210
000000122343
000000187537
000000017583
000000149469
006382
000000113166
000000058075
000000032984
000000068205
000000151694
000000457703
000000091052
000000214766
2008_002372
000000322692
000000233395
000000463309
000000125550
000000056292
000000006720
000000441430
005036
000000535536
000000086320
000000401594
000000076249
000000560660
000000271419
009007
2008_000999
000000502581
000000519112
2008_007344
000000340736
002931
000000314558
2011_001977
000000219943
000000151172
000000345987
000000542984
2011_001288
000000557334
2010_004795
000000391388
000000578147
000000276135
000000103815
2010_001795
2010_004878
000000015678
000000040274
2008_006427
000000082438
000000552945
000000467500
000000487994
2009_002844
000000563764
006945
004773
000000574132
000000243938
000000326836
000000291574
000000275120
002873
000000443492
000000042366
004466
009932
000000205525
2008_008719
000973
000000103556
000000045392
000000270716
2009_004159
000000062756
008279
2010_002431
000000044637
000000241236
000000075002
000000128377
000000568878
000000013550
2010_002701
000000513604
000000463837
000000449914
2009_005240
000000540175
000000518649
000000390068
2010_000388
000000548703
000000414709
009160
000000111369
000000011107
000000215357
000000550023
000000069504
000000458057
000000252986
000000316143
2009_001705
000000484377
000000547367
000000210988
2010_005019
000000290828
000000274907
000000376796
000000553413
000000204994
000000236290
000000072715
000000349376
000000154062
2008_001399
000000049175
000000287695
2009_000199
000000560307
004436
2009_002749
2011_002554
000000205384
000000207980
000000039656
000000147779
2010_001214
002757
2009_003373
000000228953
000000058766
000000267611
2009_000344
000000379767
2010_001087
000000044609
000000405529
000000193255
007814
000000376763
000000060513
005209
2010_005093
2008_008701
000000225126
000000031375
000000507750
000000524656
000000338077
000000084268
2009_003251
000000168114
000000404616
006189
2009_001206
000000546685
000000533159
000000294035
000000021504
000000225834
000000110330
000000110616
2010_002366
000000461535
2008_003637
000000231140
000000182967
009860
007219
000000500664
000000188545
006029
000000111673
000000457834
2008_000080
000764
000000445574
000000324135
000000159969
000000052340
2009_004121
2008_000421
000000570060
2010_005620
000000559754
2009_000419
000000559462
000000358901
000000131030
2008_002880
000000433435
000000046065
000000327337
000000212824
000000463751
000000292257
000000100516
000000290354
000000337662
000000254241
2009_003965
2009_001640
2009_003153
007336
000000159702
2009_002941
000000042868
000000242709
000000052873
2008_002943
003588
000000408795
000000402206
000000144430
2009_004446
000000058681
2008_001843
002916
2010_003605
008042
000000402662
2010_001422
000000022498
000000460757
000000341110
000000367838
000000437292
2008_002850
009308
2009_001847
000000188606
000000317428
000000234032
000000425758
000000235795
000000488657
2009_001937
000000511549
000000427560
2008_003821
000000057284
000000117676
000000471210
2011_000638
000000559995
000000374208
000000302687
000000201628
000000106045
000000372868
000000241728
000000397717
000000236338
000000188375
000000343610
000000562248
2009_001037
000000022008
000000188346
000000070868
000000215135
007530
2010_005692
2008_004966
000000477862
000000415841
005007
000000036113
000000477417
2009_003498
000000561894
000000425400
004823
000000433714
000000280721
000000168828
000000516823
000000573949
000000136375
000000174901
000000337607
000000130411
000000392985
000000444273
000000559234
2010_004683
000996
000000393159
000000014319
000000421205
000000288659
000000151848
000000575594
004392
000000245920
2011_001139
2010_005987
000834
000000568462
006731
000000102671
000000173185
2009_002597
2008_000188
000000254706
000000223194
000000359746
000000019874
000000146936
000000337366
000000549559
000000277498
000000474448
000000496093
2010_003236
000000248912
000000516988
2008_005359
000000327462
000000320667
000000473706
000000302216
000000042614
000000463603
2008_004917
000000227418
2008_006779
000000307670
000000031738
000000386400
2010_002315
2008_003463
005906
003455
2009_003005
009373
000000455809
000000412798
000000134288
000000387595
003184
000000371058
000000152914
000000484273
000000371201
000000300721
2008_001285
000000490437
000000570951
000000222122
2009_003304
005672
000000254244
000000129613
000000381458
000000100990
000000071986
000000515197
000000566681
008033
000000090645
2011_000036
2010_004778
2009_003394
000000433224
000000426269
000000117466
000518
2008_007084
000000140758
000000554255
000000285679
2011_002810
000000180524
2008_002958
000000129587
000000480509
2009_002267
000000016383
2010_005647
000000206469
000000026747
000000424018
2011_002821
2009_003694
008132
2008_006553
000000301148
000000535961
006842
000000105683
000000008504
2008_008533
000000326063
000000494383
000000024851
2009_003760
009034
000000218454
000000161983
000000519870
000000094949
000000320752
000000124594
000000373426
2008_008192
000000357354
2008_006071
000000532398
000000121612
000000360399
000000540885
2008_006881
000000396120
2010_001325
2010_003857
000000036881
2008_003849
000000431820
000000166375
000000456705
000000497855
000000459799
2009_003189
2008_001040
2009_003023
000000414115
000000349201
000000220277
000000281221
000000312282
000000319902
000000152628
000000085543
2011_002292
000000000502
000000262054
000000530282
000000444749
000000043165
000000168546
2008_004725
005331
000000077517
000000379144
2008_005907
000000269592
003054
000000291677
000000511191
000000463477
2009_004766
000000096582
2008_004783
000000012895
2011_001354
000000120491
000000188084
000000572061
2010_000213
000000403307
000000425576
2010_002746
000000318904
000000049798
000832
000000158952
000000233926
2011_000319
000000499682
000000088538
000000344491
000000054448
2009_001782
000000256731
2008_008526
000000500330
2008_005646
000000043960
000000211476
2008_006059
000000293034
000000021070
000000557824
000000093280
000000529542
000000049444
2010_005285
000000035571
000000327656
000000361462
000000350174
000000447378
000000010581
2010_001405
000000441906
000000276037
000000041887
000000152886
2010_000639
000000434628
000000158694
000000258850
000000440358
009800
000000163436
000000407210
009303
000000194727
000000436564
000000065170
009161
000000514049
001593
2009_000184
2009_001197
2008_002668
000000542809
000000014869
000000037394
000000580029
000000324894
000000365471
2009_001806
2009_004880
000000516372
2010_001024
000000024922
000000148677
000000290080
2008_003055
2010_001293
000000000415
000000394532
000000387208
007146
000000026263
000000033068
2011_002174
000000312038
2009_002753
006028
000000100413
001821
000000332562
000000138556
000000101110
000000034580
2009_003469
000000458625
000000296252
2010_002512
000000144503
2011_001505
2010_003054
2009_000679
2010_000927
000000552066
000000099681
000000482362
000000153506
000000271166
000000462955
2010_002193
000000363403
003604
000000121526
000000047948
000000426551
001221
001750
000000109586
000000038305
000000439621
000000172507
000000143926
000000361959
000000562144
000000280036
000000316636
000000063900
009717
000000006107
000000357167
000000261829
000000240485
2009_004131
007721
000000012153
2010_004957
000000161772
000000020561
000000354322
000000397980
000000491558
000000405032
2008_002123
000000026026
000000353806
000000197499
000000429251
2009_004562
000000478731
000000339253
000000398494
000000252348
000000475182
000000316397
000000107571
000950
000000170394
000000367275
000000321039
000000472659
2008_000237
000000373893
000000069365
007762
000000009951
000000169732
000000518843
000000094004
2010_000401
000000409160
2010_003774
000000479597
004935
000000058225
2009_003598
000000443688
2008_005822
001608
007732
000000376366
000000300972
005363
000000124617
000000077899
000000364571
000000120907
000000196028
000000444350
000000455665
000000081485
000000288860
000000517534
000000305686
000000059455
2008_005603
000000291321
000000220366
000000057744
009685
2008_001177
000000544611
000000272480
2009_002133
2008_008598
000000120905
000000410932
000000029838
000000011680
000000079083
2009_002530
000000362839
000000296933
000000120767
2008_005361
000000454979
000000188752
000000253890
000000300537
000000091080
2011_000589
000000074603
000000194536
2011_001080
2011_001666
000000044816
000000317022
2009_002932
000000253810
006243
000000106636
2009_004351
2008_008217
000000184672
000000421897
006876
000000344802
2009_003544
000000503822
2008_002311
000000511165
000000247874
000000091675
000000117178
2009_000420
000000381112
000782
000000351081
000000375361
000000453526
000000543942
000000366179
000000364437
000000203098
2010_005187
000000483530
2010_004479
000000341145
000000355347
000000493417
000000367881
000000096986
000000196885
005439
000000048824
000000221430
000000139729
000000383660
000000256787
000000337390
000000439270
000000241622
000000410638
2011_000979
000000254911
000000240960
000000287337
000000355161
000000230428
000000210136
2008_008024
000000557155
000000338872
000000561565
000000426035
000000542302
000000164680
000000122352
000000112577
000000179060
000000490489
000000046085
000000097729
2008_007392
000000199940
000000226145
000000364993
000000272790
2008_003313
2009_001028
000000543201
2011_002958
000000075402
000000517690
000000030334
000000357613
2008_000515
000000180764
000000032206
000000475319
000000371245
000000176032
000000076765
2008_006737
000000322816
000000220307
000000486717
000000132795
000000105633
2009_004905
2009_001268
000000348207
001468
002178
000000379434
007526
000000536058
007370
000000249362
000000244931
000000579201
2008_006824
000000239752
009191
2008_001673
000000130088
2009_002845
2010_001245
2011_001508
000000461175
000000360300
2010_004937
000000570394
000000493459
2008_008080
000000253732
000000297173
000000371739
000000256431
000000203481
2011_001620
000000329124
000000405660
000000243355
000000157084
006295
000000430417
000000494236
000000423327
000000531657
000000409603
000000484579
000000467273
000000116731
000000188310
000000040730
000000455543
003031
000000178034
000000201601
000000242089
2008_002948
000000547644
000000214899
006098
000000135258
2009_002346
000000376990
003918
2010_004551
000000327089
000000372604
2010_001107
000000152488
000000198799
001614
000000400603
000000486257
000000378711
2009_002712
000000326465
2008_006087
000000083641
000000345436
000000051704
000000574343
002186
000000203269
000000087889
000000321679
000000089753
000000313009
000000031642
000000450897
002387
000000301194
2010_004400
000000248919
2011_001946
2010_001830
2008_007653
000000553808
000000195332
000000101115
000000486789
000000032068
000000560691
2010_001690
2010_005416
000000515896
000000395409
2011_000888
000000250991
000000384152
000000490711
2011_000973
000000274551
2011_000332
2008_006178
000000035097
2011_002359
2010_005252
000000003242
000000280490
000000428093
000000389137
000000265708
000000071024
004016
000000012726
000000284732
000000258927
000000105601
000000152202
2008_001737
000000482659
000000123099
000000109971
2011_002687
000000024787
000000333440
000000375769
2008_002307
000000246040
000000525075
006638
2009_003425
000000301591
001112
000000292464
2008_005779
000000017945
000000365258
000000281663
000000011996
000000264618
000000545405
000000407570
000000216096
000000258516
000000026529
000000405752
000000518844
000000004139
000000313600
000000535135
000000071573
000000504554
000000336634
2009_001976
000000291528
000000303016
000000196944
2009_001972
000000423855
2010_003002
003274
000000246089
2011_000388
000000079660
000000151482
006095
000000511644
000000445443
2008_006751
2010_001717
000000224497
000000198923
000000018773
000000080801
000000134846
000000050563
000000144079
000000066003
2010_000139
000000254127
000000220371
007052
000000527054
000000337269
2008_003585
000000524027
000000101426
009251
000000351830
2010_001592
000000495310
2010_003703
000000116526
2009_000661
000000556608
000000087194
000000321382
009200
007984
2008_002459
000000560902
000000076245
000000163385
000000335109
2009_004857
000000104607
000000414539
000000023584
000000357088
000000180357
002116
2008_005140
000000033871
005171
000000102974
000000093534
000000147342
000000014014
2010_006009
2011_001336
000000140289
000000257713
000000551441
009053
000000059774
000000055434
003256
000000369179
000000426828
000000155811
2008_001379
000000357418
000000459032
000000144641
000000151358
000000069411
000000525884
000000488632
000000394050
000000173198
2011_001163
2010_003912
000000027162
000000185436
008731
007298
2009_003143
000000575918
000000157657
000000163473
000000533228
000000047419
000000374005
2011_001521
000000118837
000000155749
000000028976
000000142378
000000071881
2010_005536
2010_002065
001945
000000037868
000000531465
000000340081
2011_000257
003129
000000548174
000000529804
001647
000000508414
000000135965
000000415360
2009_001865
000000052011
2008_006624
2010_004980
000000477335
000000575754
2010_000329
009433
000000517981
2010_002058
005195
000000129765
000000275868
2008_002887
000000108897
2010_000284
000000040418
005086
000000335914
000000146819
000000563898
2008_003844
2010_001076
2009_004619
2009_002204
000000543454
000000189371
000000504425
000000030674
2009_000894
000000200618
000000264322
2008_002908
000000097662
000000467285
000000550365
000000528224
000000552018
000000267594
006706
001439
000000488250
000000286530
000000428739
000000565165
2011_002156
000000378709
000000344043
2009_003430
000000038532
009230
000000418109
000000522054
000000380909
000000124331
000000308589
000000116557
005676
000000338978
2009_002897
000000319275
2011_001652
000000423935
000000014036
000000027272
000012
000000427165
000000292661
2008_007312
000000543729
000000224596
000000323581
000000436031
000000560787
000000251418
2011_002179
2008_002735
000000163171
004926
000000269790
000000329806
000000059005
2009_002374
2009_001960
000000155191
008702
000000217228
000000420124
2008_006831
2010_003656
000000020692
000000275270
000000455363
000000530896
000000522108
000000023098
2008_004251
000000558556
000000518974
000000124663
000000355304
004149
000000480575
000000164871
000000087327
000000447501
000000098197
000000481627
2010_000938
000000466430
000000098560
000000475551
000000468623
000000147681
000000192118
2010_000658
000000019131
2009_002438
000000496099
000000268340
000000428152
000000428726
000000299544
000407
2010_000061
000000101806
000000452912
002114
000000314420
000000147694
000000162309
000000377594
000000571389
000000209203
000000552273
2008_002079
000000236571
000000302077
000000439692
000000480977
2010_001261
2008_007334
000000449981
000000198751
000000452359
2008_003607
000000005412
000000333629
000000194050
2009_003562
2009_003377
000000566547
2008_008637
2011_001741
2008_005294
000000434319
000000493773
000000249969
000000308829
000000112358
000000317028
000000528957
000000051894
2009_003652
000000548702
000000240615
008169
000000317206
2009_002205
000000417074
000000319105
000000078436
000000423919
009022
000000115345
000000171351
000000500962
000000094012
2011_001232
000000532714
000000307734
002259
005307
000000189239
000000169984
2009_000343
000000050609
000000061837
2008_003182
000000093535
2008_004308
000000028251
2010_005532
000000006873
2010_002041
000000220152
000000147501
000000308167
000000248847
2009_004645
000000281003
000000354955
2009_000577
000000421822
2010_003293
2008_003913
000000341457
000000550392
000000565424
000000370729
2008_000446
000000014990
000000099511
2008_005168
000000519218
2010_002402
000000261051
000000520155
000000028093
000000161941
000000125407
2010_001063
008415
000000046919
000000012754
000000496196
000000396890
2011_000072
000000122537
2010_004348
000000346880
000000022767
2008_005642
000000168730
000000058089
000000175368
000000300868
000000293072
000000580396
000000413699
000000501204
000000402406
000000399937
000000312735
000000500789
000000297906
002838
2008_008757
005764
009958
007933
000000057586
000000460134
000000012735
000000236766
000000209006
2009_004464
000000084821
000000116771
000000350879
2011_003275
000000210981
2009_000828
000000236884
000000263723
001557
000000148297
000000129187
000000105027
005768
000000002614
2011_003242
2009_002328
002669
000000164780
000000338889
000000072792
000000536923
000000128553
000000498730
007329
000000184951
000000352841
000000293124
2010_001051
000000306890
2009_004786
000000413245
000000010142
000000073446
000000396528
000000378905
004584
000000156955
008699
000000018316
000000441287
002153
000000560235
000000248622
000000465740
000000025797
000000048728
000000464888
000000396421
000000040708
000000175540
000000372971
000000367582
000000561046
000000297074
2009_001412
000000341513
000000243296
000000432683
000000443916
000000090125
000000357584
000637
000000171038
000000405334
000000318231
2010_004225
000000157636
000000368559
000000092649
000000312289
000000225363
000000569143
000000226020
2009_004075
000000091341
000000271780
000000234942
000000547742
000000262013
000000191585
000000166060
2011_002742
000000197759
2009_005111
2011_001628
000000225191
2011_001650
000000495059
2008_005236
000000250912
003008
2008_003978
000000307764
2011_002039
000554
000000396165
000000155793
000000429261
2008_005763
000000323851
000000541550
000000215863
000000053455
2008_004470
000000092181
000000074759
000000321389
000000008228
000000311891
000000362608
000000538747
000000541105
000000197962
000000359945
2008_007226
2010_002561
2010_000089
2008_006952
000000078638
007260
000000011537
000000567488
2008_000093
005257
000000211389
000000111873
2008_005345
000000329457
000000140291
2010_004253
000000535183
000000292549
000000503255
000000185591
009878
001541
000000469232
000000118785
008121
2009_001778
2008_007752
2009_003517
000000114419
000000509783
000000153639
000000259188
000000058647
2008_005240
000000570594
000000462677
000000545293
000000519639
2010_003390
000000140787
002417
000000028692
2011_001708
2010_004028
000000278168
000000183588
000000146907
2010_001794
2010_005062
000000330315
2011_002852
000000141893
000000566277
2011_002881
000000018748
000000573033
004818
2010_002269
000000078053
2008_002247
000000530535
000000534958
000000033787
003499
006499
000000376193
2008_002866
000000485179
2010_001254
000000129813
2010_002578
000000501229
000000021801
2011_000290
004333
000000271712
000000001063
006911
2008_006953
000000379841
008262
000000134769
2011_001586
000000512455
2008_007928
000000321500
000000171841
000000577385
2011_002515
000000536752
000000407050
000000336230
000000097097
000000334714
2009_002420
000000392905
000000529676
000000528938
000000203673
000000109488
2009_004763
000000307603
000000510592
000000043248
000000161762
000000353909
000000121366
2010_001676
000000310369
000000371072
2010_001395
009520
000000436975
000000046106
000000545676
000000045680
000000312381
000000559912
000000422769
2011_002887
2011_000178
2010_001853
000000201394
005641
000000059743
000000553600
000000417961
2009_004058
000000309139
000000018670
000000578203
000000133115
000000201374
003161
2009_003238
2008_006623
000000061854
000000252943
000000047548
2009_002549
2008_002448
2008_001235
2008_006390
000000479081
000000058073
000000021796
000000243857
000000403482
000000280734
000000178221
000000106216
000000545411
000000507830
000000515056
004003
000000517405
000000223699
000000329939
000000179720
006202
008063
000000016359
000000397042
000000146602
2011_003016
2008_000235
000000489099
000000192266
000000171936
000000036059
000000356507
000000097563
000000412325
2009_002967
000000241156
000000488032
2009_005201
000000532819
2008_001390
2009_003577
000000055244
000000047638
000000053037
000000064534
000000160239
000000550972
000000296858
000000543689
000000433288
000000000987
000000316725
000000250268
000000481607
000000491336
000000161856
2009_002472
000000198464
2010_003016
2011_002644
000000246409
2009_000130
000000491118
000000095380
2008_000089
000000413128
000000561763
000000576963
000000407118
000000047260
000000365310
000000224688
000000479474
2011_002186
000000339054
2010_000080
000000074990
000000366665
000000086459
000000365282
000000047949
000000316802
000000440778
