000000564301
000000028239
000000250966
000000344067
000000524297
000000439596
000000518122
000000449599
000000219525
000000071344
000000047629
000000182469
000000093853
000000121188
000000577301
000000412222
000000520767
000000543547
000000465844
000000354724
000000496411
000000287659
000000411937
000000549708
000000569729
000000521473
000000362198
000000492658
000000573456
000000542302
000000522778
000000508470
000000468773
000000331863
000000453400
000000251936
000000518974
000000473044
000000575918
000000335451
000000133515
000000434877
000000050995
000000422785
000000212091
000000350084
000000096991
000000274019
000000237427
000000352821
000000449727
000000302687
000000356733
000000333599
000000251466
000000307265
000000060034
000000434097
000000555778
000000006562
000000412661
000000350165
000000004125
000000513956
000000134215
000000550445
000000507168
000000070493
000000284233
000000236036
000000229821
000000320273
000000072792
000000109390
000000137694
000000134459
000000337304
000000411187
000000134389
000000229740
000000467675
000000109863
000000116031
000000389128
000000219544
000000395230
000000198269
000000413951
000000429811
000000282150
000000379654
000000135117
000000179238
000000073119
000000393354
000000025765
000000033787
000000222145
000000569742
000000550759
000000336058
000000440032
000000579101
000000221713
000000326236
000000385042
000000468731
000000570117
000000338367
000000546018
000000190907
000000291009
000000416528
000000039509
000000139258
000000565612
000000196245
000000455758
000000410152
000000153397
000000229107
000000084852
000000517579
000000011996
000000003335
000000380499
000000055744
000000105115
000000268372
000000298395
000000394483
000000446531
000000183330
000000181776
000000434127
000000287223
000000423065
000000458864
000000093894
000000302789
000000268510
000000348585
000000313091
000000501263
000000220006
000000222259
000000129100
000000228953
000000152782
000000191990
000000225345
000000349376
000000259853
000000058281
000000312479
000000241622
000000383001
000000500092
000000201111
000000006580
000000161873
000000577283
000000067230
000000064348
000000158326
000000300979
000000529136
000000192259
000000054375
000000038904
000000138556
000000177977
000000467705
000000119423
000000259188
000000243328
000000445461
000000174831
000000027742
000000479292
000000044454
000000147082
000000277094
000000039438
000000201623
000000238001
000000492719
000000503567
000000419834
000000263993
000000405660
000000318190
000000521796
000000462329
000000406490
000000101094
000000427348
000000451943
000000110000
000000132946
000000567082
000000054228
000000559760
000000461110
000000102517
000000258890
000000047916
000000232073
000000111936
000000532003
000000521867
000000093576
000000274213
000000068159
000000213412
000000327047
000000001496
000000210809
000000366179
000000221948
000000436596
000000354095
000000051563
000000301747
000000065953
000000166869
000000271034
000000020489
000000522446
000000111376
000000310671
000000058851
000000090708
000000283190
000000164205
000000279818
000000023623
000000065170
000000206058
000000124152
000000350974
000000298588
000000362331
000000392153
000000558556
000000457133
000000400080
000000121340
000000234255
000000129700
000000359925
000000482563
000000365068
000000544568
000000358527
000000323375
000000177064
000000406395
000000189773
000000044950
000000269577
000000480575
000000515682
000000276956
000000062531
000000154584
000000071256
000000114420
000000382620
000000083844
000000205556
000000537512
000000266914
000000250870
000000206934
000000279024
000000409143
000000319346
000000477005
000000063081
000000259715
000000343255
000000235062
000000276971
000000234370
000000330993
000000356648
000000486543
000000310258
000000020106
000000362503
000000341039
000000026907
000000186950
000000408672
000000033883
000000361959
000000087933
000000199572
000000348487
000000536711
000000168129
000000498615
000000006627
000000360211
000000508218
000000551559
000000100579
000000052497
000000349475
000000128812
000000042800
000000131113
000000223420
000000395667
000000189376
000000529586
000000581881
000000408801
000000567391
000000538018
000000227959
000000097213
000000386958
000000482022
000000258854
000000211027
000000505655
000000010405
000000201601
000000161141
000000415570
000000259112
000000285851
000000461821
000000178666
000000349401
000000092098
000000272241
000000380720
000000087216
000000459694
000000380756
000000248919
000000015610
000000447235
000000161836
000000324342
000000049346
000000443602
000000184642
000000479593
000000574087
000000435164
000000251439
000000007276
000000217793
000000387977
000000333190
000000133225
000000133650
000000038786
000000175314
000000295558
000000403515
000000299319
000000085803
000000439837
000000337479
000000058223
000000279322
000000102357
000000090718
000000089947
000000199688
000000300725
000000056638
000000164572
000000080646
000000264752
000000266659
000000361172
000000209746
000000369776
000000332078
000000214664
000000480683
000000228673
000000576385
000000458705
000000099030
000000230017
000000473879
000000476127
000000384910
000000265648
000000099186
000000463783
000000293570
000000464888
000000021423
000000457434
000000406340
000000008181
000000127669
000000276516
000000002024
000000271712
000000093773
000000233439
000000225191
000000511058
000000513371
000000116353
000000468287
000000474283
000000214725
000000359005
000000525075
000000550610
000000231450
000000156101
000000057878
000000167383
000000275708
000000543560
000000115342
000000283961
000000336749
000000566146
000000512662
000000103035
000000543276
000000580906
000000007228
000000022777
000000297898
000000532559
000000565875
000000497579
000000466480
000000097899
000000233039
000000535445
000000285961
000000320481
000000096514
000000279377
000000209166
000000302903
000000563898
000000431352
000000523390
000000558248
000000345498
000000132485
000000286619
000000572178
000000222475
000000430989
000000177775
000000517920
000000407626
000000240275
000000161246
000000238095
000000319541
000000444273
000000511527
000000059985
000000494300
000000018316
000000222961
000000035272
000000050366
000000572352
000000554351
000000209097
000000356507
000000024107
000000045496
000000232503
000000315402
000000512854
000000508672
000000268659
000000525668
000000347445
000000377361
000000225363
000000114144
000000567530
000000512572
000000200619
000000243418
000000153733
000000024787
000000066118
000000521480
000000329546
000000564654
000000177802
000000488792
000000250998
000000072397
000000235904
000000502395
000000417766
000000462712
000000128299
000000468692
000000539683
000000075170
000000443086
000000527509
000000373038
000000114891
000000099389
000000170730
000000024480
000000180042
000000367535
000000247269
000000411343
000000293605
000000186720
000000160858
000000004038
000000147735
000000196676
000000019647
000000321382
000000042441
000000546933
000000181038
000000269736
000000086861
000000416943
000000091295
000000475529
000000338549
000000354500
000000543194
000000220912
000000447684
000000407149
000000552149
000000233637
000000557339
000000522195
000000028826
000000170162
000000344702
000000026281
000000535457
000000031396
000000500069
000000074446
000000383508
000000277955
000000530030
000000178526
000000002061
000000194774
000000361431
000000124786
000000362685
000000175739
000000061982
000000029656
000000095677
000000460995
000000127405
000000453138
000000407470
000000141842
000000137666
000000430495
000000324981
000000218870
000000573536
000000443432
000000268717
000000358765
000000539848
000000111737
000000327788
000000070987
000000456146
000000227869
000000276801
000000468340
000000324381
000000516344
000000031437
000000313802
000000387000
000000417693
000000285832
000000005336
000000360283
000000179151
000000230931
000000400603
000000389932
000000069189
000000268032
000000392928
000000023501
000000391976
000000576030
000000504216
000000525691
000000058910
000000466202
000000278032
000000387930
000000469373
000000427341
000000203729
000000462984
000000145383
000000203669
000000456652
000000394681
000000351930
000000577223
000000083599
000000322031
000000294581
000000204987
000000573947
000000341145
000000459093
000000393601
000000428809
000000274467
000000581593
000000402762
000000463669
000000081930
000000456949
000000421804
000000249418
000000082530
000000391989
000000325042
000000541771
000000037864
000000206893
000000027235
000000054406
000000533807
000000214648
000000167859
000000140278
000000385196
000000143653
000000024081
000000335534
000000074328
000000337120
000000172608
000000444453
000000569520
000000321577
000000576702
000000074603
000000133667
000000305978
000000419497
000000316041
000000240087
000000526030
000000419371
000000471946
000000228647
000000536400
000000542611
000000024097
000000361659
000000549194
000000439890
000000308388
000000051504
000000557562
000000374023
000000361370
000000504013
000000073039
000000227441
000000269945
000000346754
000000572182
000000030508
000000380634
000000462798
000000023361
000000511345
000000173019
000000278921
000000453625
000000027975
000000453260
000000359695
000000020983
000000249993
000000068147
000000247529
000000207860
000000221430
000000431146
000000331749
000000535292
000000127937
000000140661
000000224781
000000213276
000000411177
000000576262
000000506898
000000175256
000000247086
000000046104
000000574370
000000531368
000000180925
000000308195
000000302388
000000230117
000000025481
000000450102
000000537648
000000480991
000000187351
000000580827
000000203616
000000263135
000000529917
000000532671
000000097283
000000299738
000000393836
000000050552
000000177289
000000372536
000000385302
000000438196
000000455948
000000193121
000000111661
000000133273
000000312403
000000136561
000000360173
000000145488
000000271206
000000284835
000000187025
000000483083
000000264940
000000169174
000000044962
000000559840
000000257617
000000109224
000000064183
000000199403
000000325555
000000292146
000000028714
000000382443
000000086408
000000346259
000000309034
000000486449
000000289341
000000113952
000000193166
000000390073
000000194276
000000504115
000000225834
000000059383
000000360772
000000142718
000000492469
000000187450
000000388348
000000530952
000000486807
000000542391
000000169401
000000571585
000000562144
000000287062
000000530640
000000014089
000000441054
000000232954
000000469191
000000056961
000000264618
000000275695
000000292719
000000549459
000000030478
000000508695
000000336492
000000558387
000000444941
000000522061
000000030100
000000511482
000000487631
000000463613
000000088695
000000162355
000000403834
000000141887
000000356868
000000195791
000000080821
000000013352
000000296943
000000241844
000000460896
000000412676
000000572572
000000170630
000000222929
000000304099
000000135577
000000238449
000000360575
000000253087
000000519188
000000094031
000000193315
000000000542
000000315314
000000052282
000000493692
000000264608
000000078865
000000425944
000000491336
000000246263
000000472841
000000025854
000000349561
000000541837
000000000605
000000538249
000000310890
000000150091
000000551427
000000402234
000000214273
000000496097
000000241860
000000276565
000000268654
000000263512
000000477828
000000062337
000000265351
000000517029
000000432914
000000095281
000000239656
000000325787
000000040087
000000229058
000000340019
000000084784
000000159203
000000141955
000000144372
000000115404
000000436564
000000193547
000000157476
000000207739
000000497815
000000232574
000000246586
000000468917
000000386400
000000363389
000000027285
000000337390
000000003321
000000280814
000000137583
000000184994
000000297312
000000310134
000000155540
000000278177
000000423778
000000411962
000000356302
000000333231
000000106636
000000178388
000000212380
000000067765
000000201431
000000406616
000000557334
000000023875
000000031634
000000340318
000000267048
000000101088
000000222871
000000250703
000000305393
000000129187
000000465422
000000527558
000000354553
000000047073
000000399102
000000469605
000000501142
000000562632
000000326716
000000495199
000000556500
000000533446
000000547742
000000051342
000000050753
000000436303
000000289073
000000530683
000000225554
000000406168
000000054655
000000545114
000000295122
000000560046
000000246876
000000285132
000000074894
000000368905
000000408833
000000331490
000000376870
000000382005
000000267338
000000557965
000000040931
000000495637
000000497662
000000388824
000000075046
000000054893
000000165455
000000139729
000000102766
000000517487
000000238748
000000193707
000000524981
000000570316
000000545676
000000021622
000000018507
000000400966
000000314689
000000569079
000000074902
000000218305
000000104191
000000577738
000000288589
000000205656
000000085209
000000228558
000000166693
000000532735
000000297349
000000216176
000000539553
000000127477
000000238258
000000393840
000000018460
000000128645
000000059918
000000019185
000000529041
000000515911
000000391773
000000578596
000000161917
000000469197
000000461256
000000250075
000000052611
000000393193
000000384146
000000252604
000000145738
000000559780
000000088538
000000502671
000000230296
000000055947
000000052983
000000580856
000000460143
000000535013
000000387401
000000292410
000000410356
000000384122
000000362779
000000321766
000000465740
000000268547
000000408417
000000183809
000000327202
000000069009
000000394240
000000036278
000000509188
000000119909
000000557832
000000516319
000000478532
000000340333
000000051028
000000520343
000000264032
000000389154
000000081315
000000124133
000000058735
000000007035
000000524249
000000377326
000000161047
000000152255
000000224505
000000184879
000000327209
000000335184
000000471278
000000124246
000000379820
000000358989
000000547745
000000286678
000000185327
000000407905
000000243478
000000303651
000000213532
000000507809
000000177090
000000464271
000000555045
000000351876
000000557343
000000322945
000000164439
000000114101
000000337976
000000495014
000000414851
000000181757
000000012754
000000020640
000000558673
000000435454
000000360370
000000206717
000000410054
000000260883
000000089397
000000014175
000000199634
000000404992
000000374077
000000512110
000000031481
000000203129
000000329380
000000160852
000000161983
000000191717
000000513056
000000099008
000000358058
000000077689
000000427221
000000211560
000000198017
000000479081
000000412641
000000385980
000000246650
000000461404
000000386637
000000096690
000000549276
000000192676
000000468713
000000033144
000000037030
000000015678
000000220991
000000044263
000000119594
000000362007
000000503761
000000517417
000000531086
000000338607
000000433236
000000002302
000000261381
000000067470
000000315453
000000298793
000000203119
000000051277
000000516628
000000294866
000000282855
000000145448
000000383163
000000400516
000000499700
000000353133
000000433225
000000383616
000000026388
000000241211
000000263504
000000245746
000000060890
000000426229
000000082721
000000167544
000000121612
000000426094
000000453724
000000431872
000000126941
000000135681
000000557931
000000472089
000000562113
000000032206
000000203796
000000413172
000000339171
000000008794
000000239771
000000470893
000000080431
000000467654
000000334383
000000563605
000000221241
000000027842
000000059683
000000051866
000000262851
000000244122
000000573509
000000095583
000000292570
000000165141
000000294763
000000045535
000000168730
000000381721
000000149204
000000117497
000000203021
000000392624
000000247543
000000110488
000000252340
000000060671
000000537656
000000519850
000000409566
000000245265
000000183302
000000440527
000000170852
000000092088
000000292058
000000199962
000000253630
000000557804
000000518163
000000550670
000000349337
000000095337
000000194499
000000117095
000000405840
000000246478
000000069346
000000263231
000000142969
000000032688
000000225322
000000503985
000000122605
000000169311
000000095592
000000284084
000000334015
000000575367
000000293252
000000269848
000000230522
000000373880
000000018819
000000070365
000000308156
000000436265
000000118363
000000161941
000000258159
000000276894
000000296560
000000290080
000000556345
000000370637
000000032190
000000548061
000000377366
000000555309
000000132523
000000226517
000000236173
000000495980
000000030713
000000165607
000000067208
000000034475
000000548619
000000147204
000000120874
000000250344
000000254242
000000218454
000000421873
000000390693
000000129690
000000217293
000000451623
000000022236
000000118682
000000399937
000000008547
000000192039
000000573195
000000502285
000000554215
000000360412
000000023812
000000353344
000000365572
000000302230
000000569505
000000099046
000000151637
000000334463
000000450212
000000090020
000000049673
000000111104
000000577795
000000341420
000000291784
000000359039
000000006450
000000012943
000000122899
000000388531
000000078716
000000022149
000000372618
000000091520
000000531563
000000522225
000000570659
000000383967
000000121350
000000330112
000000287484
000000319938
000000571779
000000164043
000000266712
000000450483
000000249132
000000110298
000000435809
000000050956
000000394840
000000389453
000000249543
000000175500
000000537560
000000118579
000000550532
000000519552
000000428093
000000443479
000000006631
000000147856
000000534593
000000081961
000000481678
000000224470
000000394352
000000357510
000000067779
000000415048
000000102755
000000077548
000000514030
000000520005
000000220152
000000268755
000000494398
000000263881
000000189559
000000168832
000000208834
000000023957
000000470762
000000549088
000000505471
000000365519
000000120850
000000169891
000000103819
000000494749
000000566262
000000532285
000000310564
000000579394
000000424068
000000010909
000000286009
000000570394
000000270686
000000095509
000000196342
000000041867
000000428605
000000444565
000000025516
000000523834
000000097914
000000067647
000000146881
000000305667
000000394271
000000487854
000000407974
000000421109
000000290354
000000374672
000000375286
000000086559
000000167892
000000215844
000000283863
000000572475
000000050563
000000248066
000000473014
000000424229
000000455444
000000480914
000000054305
000000389137
000000083809
000000366089
000000211040
000000305259
000000324638
000000579699
000000197951
000000288372
000000317428
000000198751
000000087604
000000226034
000000138095
000000349947
000000117788
000000366517
000000101096
000000462527
000000244665
000000022222
000000107001
000000573898
000000228334
000000346388
000000452737
000000125317
000000511625
000000025987
000000428011
000000519815
000000402514
000000094774
000000128833
000000098290
000000303018
000000322892
000000539359
000000086678
000000337536
000000555048
000000511285
000000084956
000000216391
000000112160
000000379193
000000283912
000000354744
000000149184
000000316934
000000363407
000000412455
000000381275
000000569188
000000250745
000000326805
000000462955
000000064899
000000240210
000000185502
000000449384
000000235302
000000067680
000000424429
000000319693
000000094971
000000507776
000000482984
000000205729
000000009060
000000284152
000000144089
000000330919
000000050658
000000467347
000000043340
000000445500
000000297166
000000276766
000000436797
000000035076
000000396934
000000466573
000000229391
000000157918
000000277729
000000506039
000000060213
000000448475
000000561303
000000056306
000000311232
000000284910
000000199952
000000492659
000000374717
000000517031
000000104044
000000170035
000000296894
000000251079
000000305450
000000175421
000000558064
000000312506
000000173652
000000476268
000000485188
000000485822
000000372748
000000342336
000000436981
000000145747
000000224379
000000246831
000000248363
000000197212
000000228123
000000386537
000000366406
000000566835
000000121366
000000284336
000000522620
000000578350
000000217636
000000283505
000000525589
000000047974
000000303227
000000293907
000000058137
000000466575
000000425292
000000106123
000000490155
000000496869
000000008659
000000219657
000000465814
000000327211
000000345580
000000498339
000000118911
000000352758
000000510339
000000248471
000000183588
000000473587
000000360269
000000276620
000000385005
000000390474
000000061626
000000112608
000000263454
000000119247
000000570406
000000463836
000000321008
000000251277
000000102540
000000091942
000000241599
000000369094
000000449841
000000098832
000000322820
000000529475
000000529850
000000127823
000000148032
000000293720
000000300887
000000497444
000000540407
000000211823
000000114469
000000155912
000000336569
000000414115
000000033871
000000195507
000000018401
000000498460
000000488422
000000268084
000000097260
000000534275
000000215616
000000540723
000000256544
000000226084
000000061403
000000209768
000000438692
000000424111
000000251347
000000559776
000000175357
000000239980
000000428389
000000147122
000000477085
000000071322
000000106017
000000086147
000000465093
000000352399
000000417542
000000174560
000000150920
000000181595
000000264846
000000503183
000000149298
000000243857
000000030443
000000156506
000000159240
000000094162
000000306663
000000491241
000000323116
000000099025
000000140992
000000275668
000000174527
000000134918
000000142263
000000483272
000000443944
000000337716
000000447113
000000421144
000000146253
000000456478
000000248045
000000093959
000000052299
000000518667
000000023137
000000302740
000000306161
000000522567
000000323561
000000354382
000000215012
000000549135
000000185587
000000129547
000000463655
000000075621
000000507950
000000145212
000000299481
000000570297
000000496766
000000185158
000000167480
000000297828
000000165571
000000327149
000000379024
000000502438
000000264353
000000404972
000000319902
000000043678
000000558798
000000110217
000000117380
000000109848
000000032639
000000553179
000000213437
000000498813
000000273118
000000308121
000000525813
000000276076
000000559754
000000443410
000000004212
000000063973
000000489070
000000442793
000000500194
