000000386637
000000464271
000000326092
000000134389
000000041729
000000157242
000000372536
000000374661
000000454072
000000572554
000000222688
000000288559
000000379716
000000562848
000000253890
000000053490
000000445461
000000167480
000000008794
000000268372
000000030100
000000211560
000000419497
000000533293
000000135577
000000284099
000000162780
000000129852
000000030443
000000193465
000000215012
000000379350
000000035272
000000464888
000000269592
000000058735
000000115342
000000338872
000000379024
000000083716
000000541837
000000099030
000000264752
000000445257
000000326892
000000410845
000000028981
000000536400
000000463783
000000141518
000000313802
000000520654
000000463669
000000358466
000000462803
000000232503
000000336492
000000529107
000000418944
000000172094
000000310890
000000001102
000000283875
000000533446
000000220250
000000122352
000000095592
000000205313
000000485616
000000468603
000000317227
000000325555
000000551074
000000533228
000000433236
000000425805
000000392443
000000346754
000000389453
000000245582
000000299481
000000127669
000000136721
000000265586
000000102517
000000362138
000000557339
000000090258
000000514544
000000529586
000000567964
000000151637
000000229391
000000456658
000000287062
000000569188
000000189376
000000426980
000000574460
000000302740
000000305978
000000298395
000000019013
000000355122
000000327149
000000068147
000000376990
000000555778
000000375286
000000266556
000000382443
000000301129
000000520361
000000482191
000000191925
000000419145
000000531086
000000164572
000000134639
000000504800
000000305713
000000039438
000000198751
000000474941
000000480683
000000360283
000000022198
000000165571
000000411187
000000209746
000000238095
000000573947
000000175500
000000164435
000000066853
000000215844
000000400623
000000167892
000000529041
000000069009
000000521950
000000073039
000000532285
000000065953
000000302687
000000326236
000000567082
000000106123
000000522061
000000024402
000000027285
000000131416
000000217793
000000385178
000000444986
000000435882
000000194536
000000492658
000000488396
000000444273
000000474472
000000284084
000000481039
000000579739
000000234040
000000354095
000000200879
000000539848
000000505552
000000351876
000000383508
000000530030
000000250035
000000253725
000000419712
000000241236
000000221713
000000044734
000000430351
000000579394
000000534448
000000165133
000000468692
000000436564
000000461042
000000045226
000000369872
000000436265
000000035571
000000287735
000000273103
000000020489
000000149298
000000228211
000000104191
000000123137
000000238748
000000349737
000000467347
000000411962
000000352821
000000043340
000000393027
000000179151
000000053644
000000098940
000000249875
000000354724
000000570178
000000177775
000000498339
000000539359
000000555045
000000014175
000000042870
000000428263
000000187278
000000420183
000000090708
000000059985
000000327047
000000050366
000000489728
000000185467
000000273081
000000150324
000000313071
000000564301
000000408672
000000390792
000000573898
000000491638
000000419474
000000040931
000000520343
000000297312
000000287900
000000240960
000000498615
000000229740
000000059918
000000475744
000000532495
000000533134
000000071344
000000152914
000000348487
000000338094
000000118642
000000164339
000000488743
000000416157
000000389137
000000081322
000000413046
000000224530
000000235582
000000319902
000000417693
000000190907
000000063973
000000096514
000000414115
000000345701
000000457133
000000112608
000000371058
000000432510
000000454886
000000099681
000000385196
000000407808
000000489070
000000081930
000000124246
000000544246
000000504598
000000334884
000000207454
000000566146
000000226084
000000198492
000000177824
000000430495
000000547742
000000521352
000000516319
000000174504
000000084784
000000349354
000000206717
000000418805
000000104044
000000557804
000000039961
000000128833
000000055128
000000266622
000000451943
000000291528
000000523834
000000558911
000000041887
000000264353
000000233528
000000336058
000000046065
000000385744
000000543838
000000321008
000000390213
000000508504
000000082480
000000516008
000000302684
000000177064
000000015610
000000046315
000000261240
000000479068
000000277094
000000478115
000000576262
000000518122
000000118682
000000576421
000000243418
000000224470
000000259188
000000381721
000000267338
000000189547
000000045535
000000356671
000000466573
000000304099
000000446884
000000267497
000000156506
000000573456
000000246221
000000405053
000000325787
000000209844
000000437374
000000417542
000000032688
000000132485
000000192259
000000297349
000000306454
000000249993
000000288599
000000362198
000000571978
000000495637
000000348585
000000199634
000000502395
000000229058
000000048739
000000423327
000000075258
000000095677
000000114891
000000381275
000000091543
000000058281
000000169311
000000310981
000000469701
000000035094
000000376416
000000092909
000000176558
000000153920
000000199952
000000287223
000000428809
000000038532
000000097217
000000066118
000000204502
000000319693
000000285358
000000201111
000000332078
000000009050
000000283863
000000491241
000000483083
000000443095
000000246831
000000491336
000000460143
000000143095
000000097213
000000543620
000000241599
000000207481
000000279634
000000566690
000000468778
000000206489
000000206893
000000330112
000000436585
000000354333
000000181038
000000015165
000000237190
000000056306
000000287659
000000276894
000000183435
000000283505
000000272997
000000463836
000000248839
000000327202
000000320481
000000373536
000000503155
000000054225
000000528448
000000201601
000000561756
000000407770
000000276516
000000556956
000000480000
000000542302
000000117095
000000248622
000000054228
000000121142
000000287098
000000229107
000000149115
000000206469
000000043344
000000180020
000000177925
000000050627
000000515911
000000135914
000000297989
000000326390
000000477112
000000213412
000000208509
000000047629
000000488792
000000200619
000000353344
000000507168
000000522225
000000010405
000000219525
000000532559
000000415048
000000452737
000000267611
000000166043
000000110798
000000404972
000000449384
000000032270
000000209638
000000103035
000000534035
000000293362
000000041838
000000348274
000000274770
000000473587
000000318701
000000326805
000000298691
000000449888
000000281917
000000297299
000000382758
000000201623
000000057719
000000541782
000000529850
000000305832
000000416048
000000002024
000000443479
000000517484
000000100395
000000018819
000000095281
000000224379
000000251121
000000238449
000000388824
000000495014
000000352738
000000183481
000000144666
000000271206
000000322892
000000072370
000000193707
000000230017
000000072595
000000331334
000000283190
000000089397
000000094936
000000354382
000000316482
000000568210
000000109848
000000261381
000000579699
000000025516
000000147856
000000111661
000000293252
000000203129
000000357971
000000144089
000000114414
000000015678
000000033567
000000230673
000000537512
000000540012
000000024842
000000385302
000000400417
000000209431
000000553548
000000402514
000000558064
000000386834
000000512582
000000549088
000000044950
000000042429
000000120431
000000130972
000000358058
000000511527
000000076593
000000246478
000000124169
000000097899
000000165172
000000030478
000000020640
000000127531
000000275695
000000127823
000000248066
000000577301
000000312479
000000286619
000000052299
000000083669
000000494398
000000493753
000000405188
000000396927
000000067496
000000474168
000000513319
000000472904
000000413951
000000432624
000000043678
000000067099
000000549135
000000263274
000000116031
000000449056
000000384093
000000048795
000000225468
000000310134
000000546765
000000467384
000000412455
000000461404
000000517981
000000399012
000000497928
000000491558
000000155666
000000288018
000000274509
000000222259
000000305667
000000280678
000000411937
000000434127
000000069346
000000443602
000000150920
000000400603
000000503761
000000475103
000000192212
000000446494
000000244835
000000519617
000000570817
000000514049
000000087604
000000151358
000000386400
000000288576
000000558387
000000141842
000000133515
000000164439
000000522567
000000385005
000000120850
000000536514
000000424429
000000187765
000000390692
000000236996
000000285851
000000439596
000000221028
000000147398
000000194276
000000264846
000000244992
000000091378
000000471762
000000360211
000000134285
000000110298
000000032413
000000299319
000000379193
000000290354
000000234255
000000515916
000000550670
000000011537
000000373476
000000568367
000000080646
000000521867
000000041730
000000246263
000000304777
000000385492
000000300197
000000258815
000000143096
000000271712
000000549459
000000130732
000000248876
000000253810
000000577669
000000186720
000000081315
000000393193
000000354500
000000117788
000000192320
000000091942
000000321583
000000393575
000000376870
000000412325
000000482984
000000422878
000000250966
000000068162
000000305752
000000434097
000000211027
000000541197
000000119247
000000561962
000000402235
000000492719
000000284336
000000525899
000000412676
000000549885
000000094031
000000044057
000000015427
000000122939
000000140918
000000224505
000000265789
000000521106
000000466202
000000329546
000000023361
000000008547
000000027046
000000557343
000000245664
000000417766
000000334187
000000033883
000000423065
000000173533
000000389006
000000386389
000000108034
000000486543
000000170162
000000326849
000000126941
000000276766
000000011643
000000219486
000000259853
000000274213
000000359039
000000091285
000000029894
000000023501
000000214664
000000022656
000000462798
000000145488
000000474601
000000071360
000000569024
000000047735
000000157231
000000274416
000000288589
000000448662
000000163692
000000246589
000000556497
000000297828
000000093959
000000290804
000000404992
000000515826
000000090020
000000234499
000000354553
000000093576
000000389128
000000158326
000000047073
000000333231
000000436662
000000416528
000000032579
000000043753
000000109937
000000407974
000000331523
000000394840
000000335451
000000259951
000000537648
000000026190
000000033633
000000081961
000000411303
000000248363
000000012943
000000331616
000000500904
000000484273
000000527445
000000487631
000000142969
000000165141
000000462329
000000413172
000000517920
000000342130
000000014089
000000445500
000000507196
000000389154
000000263504
000000198269
000000339595
000000145682
000000024097
000000175863
000000456003
000000337390
000000528084
000000123013
000000038053
000000283912
000000500194
000000479593
000000455444
000000225721
000000358527
000000537656
000000236173
000000535202
000000500069
000000449119
000000248610
000000081259
000000134288
000000400599
000000469191
000000348877
000000143824
000000334872
000000395192
000000054375
000000455948
000000130328
000000504257
000000147404
000000300979
000000391786
000000466575
000000490155
000000547367
000000180925
000000263512
000000302388
000000444565
000000264618
000000395291
000000263418
000000468287
000000397980
000000428389
000000045496
000000032190
000000572260
000000353582
000000220006
000000007228
000000035269
000000572352
000000062608
000000303320
000000256722
000000452622
000000064697
000000192345
000000121559
000000429918
000000163553
000000168730
000000032984
000000008405
000000450169
000000492583
000000466480
000000429811
000000495233
000000026978
000000247680
000000233256
000000549184
000000340829
000000195124
000000121340
000000424532
000000042399
000000225108
000000433605
000000517998
000000124133
000000026907
000000535455
000000497579
000000553600
000000522365
000000133225
000000029473
000000118363
000000307265
000000051866
000000518843
000000256544
000000360329
000000341145
000000303991
000000127477
000000274019
000000252220
000000470305
000000165455
000000456161
000000388203
000000183809
000000506965
000000036278
000000006760
000000167640
000000270686
000000402326
000000453138
000000170630
000000171376
000000474448
000000122899
000000427980
000000250870
000000468340
000000556862
000000387977
000000127405
000000187351
000000518667
000000020983
000000564654
000000445784
000000527291
000000058910
000000209097
000000389771
000000039185
000000334463
000000144430
000000172264
000000416943
000000082061
000000248932
000000443432
000000352399
000000272241
000000459093
000000358629
000000296560
000000435809
000000342774
000000187025
000000374023
000000027975
000000269736
000000205384
000000083844
000000423058
000000536179
000000210404
000000018460
000000562113
000000387208
000000494300
000000408718
000000465093
000000307764
000000248045
000000477828
000000274602
000000354290
000000212380
000000276565
000000410302
000000141376
000000192524
000000241622
000000365572
000000446088
000000195507
000000503150
000000227230
000000292719
000000108301
000000264032
000000093140
000000162559
000000421745
000000086861
000000388531
000000221948
000000544660
000000248712
000000450212
000000389283
000000415925
000000119026
000000345288
000000177050
000000412661
000000505655
000000016255
000000516516
000000189559
000000138095
000000482022
000000146881
000000230931
000000518974
000000551427
000000543547
000000447235
000000460040
000000457436
000000361959
000000213276
000000268058
000000541456
000000074894
000000246586
000000194774
000000390073
000000035076
000000452806
000000070493
000000093853
000000233575
000000473014
000000511625
000000050956
000000064501
000000182715
000000231500
000000568090
000000023957
000000292242
000000435141
000000435454
000000293061
000000230889
000000220152
000000032206
000000540723
000000517417
000000144372
000000133273
000000439890
000000210809
000000303658
000000407905
000000334383
000000269848
000000084114
000000445002
000000581593
000000520637
000000188866
000000441382
000000366517
000000206934
000000173998
000000302230
000000519850
000000321550
000000560691
000000294763
000000111245
000000141955
000000456451
000000388153
000000170730
000000294866
000000320609
000000267388
000000365068
000000125228
000000337621
000000331490
000000170852
000000336749
000000402109
000000333599
000000008181
000000379841
000000282339
000000155540
000000174560
000000246650
000000373137
000000006450
000000576385
000000241837
000000500585
000000056091
000000248919
000000022149
000000568155
000000458804
000000030508
000000147122
000000258710
000000197251
000000446531
000000276956
000000322577
000000443564
000000402770
000000490688
000000513573
000000489724
000000403999
000000337536
000000308915
000000215523
000000117836
000000356733
000000176671
000000099008
000000516628
000000094774
000000287484
000000044454
000000524297
000000156213
000000230296
000000314689
000000124601
000000406662
000000536058
000000252340
000000474401
000000004038
000000039509
000000276801
000000541343
000000222929
000000175256
000000176342
000000317971
000000167544
000000161983
000000312867
000000080431
000000557562
000000533477
000000346938
000000084193
000000424580
000000113952
000000577399
000000477005
000000101088
000000037109
000000077750
000000228953
000000278177
000000212091
000000390179
000000292570
000000469605
000000555940
000000322816
000000099025
000000536711
000000373880
000000543942
000000468623
000000043917
000000213433
000000282828
000000519598
000000458864
000000105102
000000181623
000000381116
000000371702
000000156955
000000400568
000000225363
000000277795
000000316995
000000269577
000000420831
000000073697
000000139729
000000287386
000000025987
000000367535
000000518163
000000042800
000000219958
000000581507
000000300966
000000202755
000000120380
000000379820
000000579859
000000031437
000000504907
000000203119
000000032639
000000263135
000000005352
000000161047
000000341039
000000312785
000000061982
000000489810
000000577795
000000263454
000000344521
000000018507
000000007890
000000214648
000000558673
000000465595
000000526827
000000303018
000000498690
000000511058
000000122457
000000186497
000000227869
000000064899
000000262851
000000408833
000000468773
000000358989
000000157476
000000128812
000000382653
000000460694
000000440527
000000078716
000000308121
000000197951
000000014108
000000532693
000000207625
000000569716
000000365317
000000127167
000000578171
000000244122
000000032231
000000483382
000000373677
000000502438
000000501263
000000049673
000000198631
000000483530
000000354744
000000385323
000000326770
000000453260
000000218290
000000322595
000000202199
000000006263
000000016344
000000280530
000000564481
000000474186
000000578128
000000067716
000000461110
000000532735
000000349475
000000317428
000000347392
000000407687
000000330919
000000450102
000000120416
000000282150
000000386537
000000345580
000000557832
000000300725
000000545114
000000460896
000000571779
000000321382
000000267594
000000402762
000000562136
000000436302
000000081155
000000114420
000000358765
000000181776
000000026768
000000254242
000000060088
000000118764
000000082511
000000569505
000000169174
000000023623
000000118736
000000027810
000000541771
000000067647
000000512662
000000117759
000000534958
000000224633
000000282834
000000363407
000000122605
000000448413
000000506283
000000196676
000000193166
000000207995
000000454562
000000115506
000000051735
000000233426
000000147025
000000570394
000000392928
000000175421
000000317935
000000102357
000000315453
000000186685
000000029875
000000080495
000000505384
000000124709
000000506039
000000477120
000000341399
000000316240
000000405660
000000567982
000000239555
000000093672
000000478874
000000330920
000000445200
000000563730
000000114101
000000480914
000000002302
000000336230
000000331749
000000129100
000000253887
000000389280
000000279322
000000164043
000000406755
000000373254
000000128645
000000193547
000000448475
000000171997
000000576389
000000162355
000000432914
000000030713
000000483187
000000282928
000000554215
000000423083
000000246587
000000049217
000000446269
000000516175
000000390474
000000395667
000000394271
000000256611
000000431190
000000530019
000000150358
000000228123
000000308156
000000433277
000000545944
000000444591
000000315640
000000477263
000000440822
000000060890
000000308195
000000291784
000000394681
000000129951
000000239656
000000259233
000000460446
000000580540
000000503985
000000078436
000000019647
000000445105
000000412788
000000379034
000000487649
000000164543
000000240798
000000321577
000000086408
000000324342
000000089618
000000339031
000000031481
000000021504
000000192676
000000271714
000000488510
000000259112
000000341420
000000535457
000000353133
000000250703
000000161836
000000377611
000000224292
000000467572
000000337976
000000060600
000000134215
000000166869
000000219474
000000470762
000000406340
000000407644
000000338173
000000562632
000000066468
000000224138
000000140999
000000056896
000000280814
000000253438
000000433225
000000427221
000000565680
000000202739
000000177090
000000106001
000000275668
000000031596
000000269033
000000576743
000000124829
000000076122
000000264608
000000258765
000000024787
000000142718
000000436981
000000567530
000000377926
000000324638
000000547639
000000548010
000000124994
000000477672
000000417458
000000297370
000000388707
000000562650
000000124786
000000497815
000000434389
000000317062
000000074328
000000096628
000000337304
000000000605
000000424111
000000400516
000000007276
000000303570
000000004065
000000062154
000000456652
000000242909
000000033787
000000005152
000000287636
000000139728
000000134688
000000580827
000000552630
000000109707
000000425292
000000472841
000000082530
000000190550
000000121904
000000059683
000000161719
000000055744
000000400742
000000309598
000000551334
000000340674
000000288579
000000455995
000000078093
000000268659
000000208834
000000087123
000000227497
000000142668
000000153231
000000456949
000000565903
000000410054
000000119909
000000566835
000000209016
000000064836
000000329394
000000526030
000000332540
000000284152
000000245265
000000575949
000000235904
000000405709
000000429384
000000297898
000000525691
000000270570
000000044263
000000546018
000000521473
000000214725
000000380634
000000121350
000000000542
000000221241
000000462984
000000546846
000000218870
000000174527
000000271422
000000211725
000000178131
000000016737
000000140243
000000132523
000000487385
000000298588
000000544876
000000108384
000000519552
000000195791
000000230044
000000077548
000000361370
000000423850
000000512455
000000403515
000000387000
000000499801
000000465740
000000207860
000000064348
000000391989
000000522620
000000440032
000000196342
000000546658
000000121188
000000472266
000000023875
000000521480
000000388654
000000466207
000000510339
000000222871
000000207739
000000109824
000000419834
000000558556
000000238001
000000016290
000000082721
000000088695
000000495199
000000391976
000000049346
000000330993
000000479292
000000232954
000000438851
000000154584
000000083809
000000319346
000000274467
000000384146
000000199688
000000508695
000000218454
000000573195
000000233039
000000273378
000000146649
000000142733
000000259595
000000323091
000000053208
000000224781
000000500789
000000183588
000000496887
000000456146
000000010012
000000107782
000000386958
000000316041
000000116353
000000241211
000000539418
000000430677
000000026310
000000051504
000000383001
000000186276
000000311882
000000388348
000000213437
000000578596
000000324262
000000074902
000000232094
000000004125
000000428605
000000117497
000000574370
000000302903
000000468731
000000414276
000000520767
000000481678
000000264830
000000026281
000000187442
000000134459
000000173652
000000316147
000000305393
000000512110
000000572182
000000320947
000000292410
000000559780
000000534593
000000266712
000000059267
000000368905
000000016318
000000057878
000000381060
000000243857
000000479396
000000032300
000000538018
000000531368
000000208940
000000511482
000000535952
000000267321
000000576702
000000448113
000000248471
000000193121
000000140983
000000280228
000000573815
000000051342
000000465844
000000024571
000000099389
000000185158
000000297637
000000014088
000000007035
000000517029
000000354237
000000028307
000000158507
000000491844
000000478532
000000403291
000000289073
000000012766
000000276458
000000341246
000000021469
000000294581
000000393354
000000376848
000000203021
000000202511
000000367528
000000548061
000000323561
000000461256
000000552723
000000417220
000000317986
000000438692
000000227960
000000253087
000000134532
000000372230
000000274907
000000256731
000000349337
000000332015
000000052340
000000247050
000000206058
000000259715
000000033077
000000482563
000000535292
000000413128
000000027235
000000514598
000000166693
000000216524
000000502860
000000172608
000000097330
000000484227
000000547759
000000334015
000000159723
000000289341
000000516205
000000224056
000000321849
000000068048
000000562777
000000254604
000000203495
000000473879
000000366665
000000011168
000000451701
000000295106
000000074959
000000549780
000000199403
000000502117
000000054091
000000371928
000000141887
000000565198
000000326203
000000469034
000000159240
000000529136
000000445167
000000428093
000000308388
000000396861
000000261707
000000416356
000000399937
000000211161
000000562144
000000093893
000000147568
000000371739
000000014269
000000445443
000000375951
000000575367
000000492198
000000545160
000000504013
000000296894
000000513056
000000181757
000000202168
000000111873
000000535445
000000034808
000000097283
000000287884
000000043922
000000488032
000000426229
000000499200
000000570297
000000111376
000000286820
000000542611
000000438196
000000196168
000000159771
000000327211
000000022236
000000385042
000000349561
000000514605
000000177289
000000077689
000000019491
000000278418
000000183330
000000029370
000000054305
000000098832
000000504824
000000412680
000000578751
000000051376
000000190722
000000135585
000000581328
000000109224
000000577283
000000494550
000000028714
000000251936
000000449599
000000038034
000000301754
000000286678
000000222961
000000114648
000000401400
000000238018
000000481009
000000306890
000000340318
000000213351
000000067680
000000531563
000000249418
000000247086
000000301747
000000529012
000000211138
000000140278
000000356648
000000232073
000000185502
000000346880
000000377326
000000331162
000000140291
000000218305
000000327209
000000327183
000000515392
000000265648
000000045392
000000072737
000000075621
000000046997
000000067779
000000255978
000000090718
000000510985
000000572441
000000488422
000000153397
000000240087
000000336984
000000382005
000000429059
000000300326
000000223832
000000210997
000000485822
000000031396
000000519815
000000095509
000000002061
000000106017
000000282855
000000191990
000000236910
000000550759
000000308829
000000009262
000000236316
000000146805
000000388075
000000159198
000000221696
000000533949
000000550353
000000522778
000000362007
000000039138
000000051277
000000239771
000000406395
000000052497
000000315314
000000128282
000000108208
000000469373
000000447684
000000061837
000000074603
000000520978
000000519707
000000412222
000000303258
000000319938
000000393601
000000305450
000000011996
000000511285
000000052611
000000568132
000000451683
000000548384
000000184879
000000279024
000000214273
000000102766
000000069488
000000137029
000000018316
000000376087
000000216176
000000152963
000000100579
000000044839
000000530683
000000477682
000000305000
000000362331
000000341865
000000109011
000000567803
000000292590
000000217293
000000268654
000000434177
000000242709
000000174669
000000107735
000000037925
000000020935
000000191609
000000145738
000000056638
000000394352
000000150091
000000269022
000000270639
000000327788
000000288372
000000086147
000000137583
000000276620
000000276124
000000476738
000000357633
000000436665
000000085209
000000220912
000000007894
000000351034
000000413665
000000237427
000000530952
000000560978
000000263434
000000412641
000000307814
000000434527
000000237463
000000486807
000000170394
000000146215
000000404766
000000137666
000000458637
000000190760
000000230900
000000383163
000000343969
000000559754
000000568177
000000480082
000000216454
000000393840
000000324381
000000447113
000000409566
000000432683
000000265398
000000456478
000000462712
000000003325
000000164346
000000359201
000000579101
000000463613
000000109390
000000430989
000000092088
000000513956
000000443410
000000042507
000000413354
000000205656
000000209768
000000421566
000000522054
000000218625
000000096690
000000532398
000000134712
000000542321
000000225345
000000138064
000000160858
000000034475
000000221430
000000189773
000000344758
000000197212
000000581881
000000110217
000000296303
000000407149
000000234555
000000431201
000000401602
000000338549
000000054893
000000088538
000000387930
000000397318
000000458705
000000498460
000000116133
000000178666
000000349936
000000266659
000000490871
000000117380
000000244665
000000435321
000000240485
000000530097
000000487994
000000161873
000000402228
000000027041
000000536146
000000359695
000000271396
000000250745
000000025854
000000263231
000000310707
000000047746
000000067208
000000532234
000000047974
000000004212
000000497484
000000513371
000000581732
000000351930
000000467654
000000290750
000000501204
000000210899
000000159203
000000010909
000000103427
000000011129
000000434877
000000240275
000000380756
000000234370
000000573891
000000145383
000000496869
000000508470
000000027742
000000120874
000000122537
000000566262
000000185327
000000424068
000000095078
000000350974
000000129613
000000351166
000000423337
000000013603
000000001785
000000231450
000000147735
000000453625
000000133667
000000050563
000000364738
000000187952
000000424229
000000348941
000000075170
000000128093
000000531510
000000520005
000000427521
000000288224
000000560797
000000185587
000000175162
000000394483
000000005113
000000141205
000000509188
000000290332
000000300868
000000411343
000000073119
000000038904
000000058223
000000484579
000000168129
000000444392
000000450700
000000340440
000000166340
000000361172
000000066746
000000468852
000000080821
000000155245
000000343255
000000461821
000000569775
000000114139
000000183302
000000101096
000000031634
000000306161
000000383967
000000279377
000000346388
000000213809
000000544913
000000226102
000000263783
000000303763
000000137181
000000444941
000000512295
000000155794
000000086559
000000531860
000000202423
000000315402
000000161657
000000313999
000000369094
000000142500
000000196245
000000033144
000000303626
000000521416
000000186950
000000091276
000000168991
000000218096
000000549708
000000168873
000000533807
000000487310
000000449727
000000086285
000000395768
000000304744
000000243029
000000025907
000000495980
000000284233
000000103018
000000557965
000000139503
000000145448
000000345149
000000054341
000000374005
000000000241
000000492524
000000226517
000000427341
000000161941
000000241860
000000267048
000000456392
000000337689
000000211486
000000304342
000000551559
000000000294
000000153733
000000556345
000000547745
000000492659
000000041413
000000383660
000000409143
000000173069
000000087507
000000264733
000000382881
000000193315
000000490268
000000553306
000000422502
000000142263
000000522195
000000207556
000000402234
000000388658
000000083635
000000431146
000000285395
000000360173
000000569046
000000153267
000000459967
000000087216
000000374077
000000108575
000000127937
000000235302
000000121226
000000469197
000000406168
000000399750
000000406121
000000285961
000000460312
000000060034
000000322031
000000341209
000000216677
000000271034
000000521250
000000128299
000000224112
000000347688
000000102469
000000092181
000000376557
000000565165
000000413324
000000175357
000000179968
000000268084
000000491279
000000337120
000000572178
000000363399
000000044962
000000468896
000000111104
000000175804
000000480575
000000098290
000000529964
000000487854
000000020106
000000563898
000000542809
000000202128
000000044989
000000062337
000000306663
000000570316
000000332115
000000203729
000000394240
000000519188
000000421231
000000009069
000000289263
000000333190
000000496766
000000341060
000000490259
000000449835
000000476268
000000344802
000000051563
000000008659
000000141263
000000031642
000000264805
000000573509
000000493692
000000494749
000000245746
000000410356
000000308612
000000279818
000000427348
000000275708
000000485188
000000024149
000000050753
000000436596
000000070809
000000543560
000000575029
000000022222
000000508821
000000413699
000000547944
000000161846
000000494032
000000433122
000000230117
000000212532
000000033871
000000389921
000000211370
000000181208
000000103098
000000324981
000000095583
000000477085
000000497440
000000135117
000000111737
000000440778
000000097883
000000471932
000000525212
000000572572
000000385980
000000374395
000000281003
000000177802
000000338367
000000326716
000000148032
000000273878
000000128581
000000539683
000000384122
000000107954
000000553179
000000548619
000000530684
000000372618
000000293570
000000455758
000000238258
000000230236
000000209563
000000570094
000000268510
000000574368
000000501015
000000356337
000000264712
000000380108
000000392624
000000395230
000000342807
000000482251
000000507950
000000466211
000000058307
000000124152
000000159972
000000216279
000000051801
000000008095
000000496411
000000310671
000000318190
000000462527
000000233439
000000421804
000000405840
000000121612
000000203796
000000095337
000000345498
000000373623
000000115645
000000200952
000000444659
000000460833
000000045582
000000265235
000000138556
000000471278
000000366099
000000150300
000000290942
000000056961
000000566518
000000517487
000000116466
000000360269
000000406616
000000362839
000000501142
000000024242
000000232574
000000008228
000000133532
000000410889
000000070718
000000557334
000000260702
000000285132
000000210368
000000443944
000000498813
000000555282
000000485580
000000001496
000000160259
000000041356
000000559516
000000526312
000000337427
000000361594
000000413792
000000377361
000000316725
000000382210
000000511523
000000236036
000000527558
000000184642
000000174896
000000135822
000000487775
000000372748
000000187450
000000337716
000000191854
000000310258
000000458057
000000018401
000000147042
000000225322
000000370839
000000463655
000000276488
000000366179
000000149204
000000421873
000000062089
000000433387
000000099186
000000072397
000000502285
000000303651
000000516265
000000505471
000000074446
000000251079
000000325042
000000335534
000000245409
000000570117
000000023098
000000512187
000000496097
000000250998
000000329954
000000006627
000000577738
000000146253
000000349401
000000525075
000000432673
000000521796
000000535501
000000133650
000000019185
000000421144
000000414698
000000160852
000000148785
000000375093
000000068860
000000443086
000000181938
000000097914
000000183991
000000027207
000000149381
000000091520
000000069320
000000121525
000000483272
000000152255
000000335532
000000312355
000000509555
000000360370
000000065955
000000157102
000000036059
000000384323
000000559776
000000362145
000000149184
000000276971
000000225554
000000438462
000000316581
000000180650
000000546933
000000442443
000000235259
000000118051
000000300244
000000069197
000000489140
000000042740
000000161141
000000305105
000000346259
000000086678
000000406490
000000558798
000000072582
000000302216
000000056632
000000175739
000000349376
000000302789
000000496392
000000384176
000000184994
000000166565
000000549276
000000227959
000000009060
000000247269
000000313340
000000428011
000000129690
000000069411
000000096991
000000158384
000000350165
000000170193
000000185243
000000180463
000000569729
000000226552
000000406242
000000570406
000000499700
000000284910
000000283961
000000359925
000000578350
000000078865
000000302110
000000347445
000000144330
000000021622
000000480181
000000040087
000000312506
000000407470
000000090477
000000071322
000000157918
000000246040
000000131113
000000532605
000000078085
000000130314
000000392153
000000012754
000000069535
000000390693
000000530640
000000496607
000000222475
000000298793
000000553149
000000399102
000000188702
000000084852
000000059547
000000473517
000000052282
000000028614
000000450026
000000211040
000000303227
000000220991
000000269945
000000003335
000000007753
000000458282
000000432527
000000395998
000000257071
000000495793
000000227441
000000286322
000000437948
000000308687
000000362779
000000555613
000000575918
000000356868
000000474283
000000232376
000000071371
000000204609
000000177977
000000576518
000000479081
000000164205
000000017154
000000153190
000000449841
000000508218
000000029656
000000237100
000000107001
000000559474
000000250912
000000455946
000000283377
000000287041
000000567391
000000524681
000000549328
000000177262
000000289677
000000339890
000000004131
000000471946
000000557678
000000047916
000000331863
000000134918
000000219590
000000426548
000000299688
000000358343
000000251347
000000276631
000000061626
000000432036
000000544568
000000129187
000000133384
000000165607
000000451623
000000161772
