000000165571
000000033144
000000379193
000000236036
000000279634
000000276766
000000302740
000000273081
000000530030
000000555282
000000152782
000000180463
000000393193
000000400966
000000388531
000000359925
000000110000
000000573947
000000002302
000000118682
000000436264
000000469373
000000287006
000000539848
000000245409
000000118579
000000458864
000000426229
000000572554
000000316147
000000241837
000000026529
000000160852
000000544246
000000221948
000000393840
000000312479
000000366665
000000417693
000000050995
000000168730
000000193121
000000032068
000000380636
000000206717
000000002024
000000251121
000000019491
000000269945
000000238095
000000576518
000000434097
000000562632
000000097213
000000012766
000000520978
000000022080
000000138095
000000515392
000000250998
000000294763
000000062089
000000440032
000000327462
000000010909
000000477828
000000468917
000000360269
000000046315
000000357971
000000150920
000000233575
000000009060
000000518163
000000287636
000000176342
000000248363
000000348877
000000176408
000000348274
000000089397
000000263135
000000528880
000000147122
000000023098
000000489724
000000514544
000000180042
000000396861
000000185502
000000191609
000000226034
000000093853
000000511625
000000279818
000000058281
000000308829
000000282150
000000220152
000000504216
000000377361
000000362145
000000503155
000000397318
000000517981
000000213437
000000302216
000000552723
000000445257
000000380499
000000102540
000000474448
000000058307
000000117380
000000041413
000000531368
000000199403
000000355304
000000522567
000000379024
000000111737
000000329954
000000374023
000000358765
000000228558
000000385980
000000177090
000000181038
000000264618
000000556956
000000032688
000000388348
000000459001
000000348585
000000383508
000000537656
000000142969
000000335451
000000492198
000000242709
000000300979
000000505471
000000574370
000000056091
000000303018
000000189376
000000079070
000000445461
000000572178
000000490688
000000326236
000000385323
000000161772
000000133225
000000067765
000000511285
000000232574
000000082530
000000216279
000000402234
000000008794
000000542302
000000197212
000000122457
000000529475
000000258890
000000253887
000000520637
000000077548
000000015610
000000555940
000000421873
000000547367
000000145448
000000170035
000000199572
000000082121
000000572441
000000170193
000000358527
000000357510
000000518667
000000214648
000000130314
000000419834
000000167892
000000394240
000000156101
000000004131
000000135585
000000480575
000000060890
000000069535
000000329546
000000156955
000000069009
000000414276
000000259188
000000149381
000000167480
000000326390
000000027207
000000134389
000000285395
000000564301
000000244992
000000316555
000000000542
000000456652
000000109224
000000232954
000000460833
000000335534
000000194774
000000386400
000000059918
000000449599
000000153920
000000067208
000000444941
000000249418
000000158326
000000119247
000000228953
000000341145
000000155540
000000407644
000000239771
000000251936
000000531086
000000026388
000000019185
000000565680
000000058735
000000560797
000000569046
000000290354
000000131113
000000135117
000000552149
000000190907
000000004038
000000225363
000000368905
000000268654
000000316995
000000070493
000000176558
000000432624
000000352738
000000080367
000000189773
000000443564
000000445443
000000011129
000000216524
000000507950
000000064183
000000177802
000000451623
000000305393
000000246040
000000323091
000000392624
000000366089
000000164346
000000056638
000000287484
000000128282
000000377611
000000525813
000000575367
000000554215
000000111661
000000193707
000000004212
000000448662
000000461110
000000288559
000000488032
000000407626
000000134639
000000535457
000000006760
000000297898
000000213412
000000326805
000000233039
000000099030
000000010405
000000248622
000000190760
000000400516
000000198269
000000276458
000000567391
000000514049
000000405053
000000547742
000000321766
000000167544
000000003335
000000291784
000000382881
000000029473
000000381275
000000508218
000000440778
000000534593
000000008228
000000384093
000000408801
000000294866
000000443410
000000397980
000000253810
000000369094
000000517920
000000424068
000000216176
000000504013
000000098832
000000349376
000000159203
000000399102
000000445500
000000098290
000000362198
000000078865
000000458705
000000301754
000000051376
000000180925
000000006026
000000464271
000000255978
000000222688
000000148785
000000181623
000000518974
000000539553
000000303626
000000383660
000000277729
000000290804
000000127669
000000406340
000000410356
000000349561
000000547759
000000157918
000000561303
000000091378
000000363389
000000267321
000000159240
000000020489
000000308195
000000516628
000000177925
000000546658
000000045392
000000412325
000000447684
000000444659
000000539683
000000327149
000000332078
000000384323
000000232503
000000185158
000000400599
000000468340
000000549708
000000323375
000000276516
000000096514
000000322595
000000577283
000000038053
000000095583
000000468852
000000248471
000000026907
000000358989
000000165141
000000545756
000000026281
000000327209
000000502438
000000142500
000000484579
000000354500
000000512662
000000259112
000000241236
000000475744
000000372748
000000581328
000000521106
000000031596
000000453260
000000114414
000000351930
000000196747
000000274907
000000517417
000000235062
000000529964
000000316725
000000443086
000000544876
000000440666
000000081930
000000288576
000000577669
000000202168
000000565165
000000488792
000000519188
000000122899
000000486449
000000351876
000000467705
000000394681
000000222871
000000102766
000000309034
000000517029
000000090718
000000344521
000000552630
000000372536
000000407905
000000324981
000000463669
000000470762
000000258159
000000292570
000000331616
000000240798
000000059683
000000081961
000000237427
000000161983
000000337427
000000521352
000000352821
000000214273
000000074894
000000558387
000000230296
000000391989
000000503985
000000300326
000000264353
000000381116
000000305978
000000460896
000000274770
000000044950
000000426094
000000519815
000000438196
000000416570
000000334015
000000388654
000000033633
000000391976
000000115645
000000470305
000000492524
000000485188
000000201431
000000433236
000000139728
000000062337
000000406616
000000235259
000000453625
000000083844
000000189559
000000183435
000000494032
000000543547
000000320222
000000375951
000000199634
000000103035
000000348487
000000106664
000000526312
000000300887
000000147082
000000211040
000000150300
000000503150
000000521480
000000405444
000000521473
000000317971
000000529850
000000130732
000000417542
000000498339
000000420183
000000438692
000000578350
000000013352
000000529107
000000120416
000000289073
000000239555
000000362779
000000233439
000000562136
000000170730
000000304099
000000126941
000000481654
000000052497
000000001785
000000497484
000000562144
000000298793
000000550532
000000538249
000000161941
000000245582
000000529136
000000276971
000000009050
000000296894
000000495980
000000542391
000000267611
000000203495
000000022222
000000508821
000000439890
000000226084
000000435454
000000395291
000000365317
000000358343
000000329592
000000516319
000000102517
000000297312
000000450700
000000172264
000000049673
000000338872
000000215012
000000250912
000000570316
000000127515
000000472228
000000203616
000000531563
000000540723
000000218870
000000457436
000000300264
000000520767
000000389932
000000314689
000000469605
000000533228
000000005152
000000097883
000000301129
000000360412
000000203796
000000184879
000000095281
000000331490
000000215844
000000071322
000000334463
000000104044
000000305667
000000230522
000000566690
000000494749
000000198751
000000069197
000000032190
000000109707
000000467347
000000221241
000000386389
000000153190
000000497444
000000185243
000000555778
000000074603
000000490268
000000386958
000000571779
000000302903
000000465844
000000216391
000000555045
000000110798
000000390693
000000574368
000000145383
000000580827
000000274467
000000424580
000000035076
000000501142
000000234255
000000436665
000000346262
000000416356
000000431201
000000491241
000000022149
000000023812
000000432527
000000225345
000000227230
000000359695
000000273378
000000218290
000000031396
000000498813
000000525212
000000354237
000000211486
000000121525
000000461256
000000181776
000000388824
000000143653
000000056961
000000390213
000000121612
000000249993
000000473044
000000192039
000000196245
000000187278
000000543276
000000422785
000000325787
000000360211
000000409566
000000091276
000000354553
000000311232
000000550759
000000504257
000000002061
000000225834
000000473587
000000581881
000000117497
000000436564
000000329380
000000421745
000000093576
000000166060
000000170394
000000284152
000000186950
000000116353
000000298395
000000351577
000000523834
000000088538
000000558673
000000390073
000000559840
000000472841
000000466202
000000412788
000000067496
000000436981
000000032413
000000482984
000000474186
000000532398
000000145747
000000183809
000000513956
000000356648
000000551427
000000126319
000000024081
000000322031
000000393354
000000155912
000000299738
000000142718
000000488743
000000372618
000000055128
000000014175
000000500092
000000228673
000000211725
000000466207
000000225108
000000236173
000000028307
000000119594
000000217793
000000065953
000000122939
000000326092
000000141518
000000310134
000000536711
000000246831
000000302789
000000040087
000000060088
000000502395
000000331749
000000059985
000000362331
000000387000
000000020983
000000395667
000000468731
000000315402
000000045535
000000297828
000000260702
000000331523
000000482539
000000550670
000000480683
000000245746
000000535013
000000106017
000000444565
000000257617
000000121350
000000492079
000000096991
000000175357
000000193315
000000415048
000000061626
000000004125
000000538018
000000194536
000000476268
000000129852
000000448475
000000346880
000000175863
000000050552
000000416048
000000106636
000000473014
000000263418
000000080821
000000129690
000000032984
000000064697
000000572572
000000288579
000000070365
000000118911
000000018460
000000187351
000000194499
000000254161
000000274213
000000558556
000000511058
000000237463
000000152397
000000127477
000000268372
000000092088
000000538747
000000030508
000000519617
000000067470
000000502285
000000333231
000000141842
000000099025
000000405709
000000406395
000000299481
000000451943
000000194276
000000227960
000000149184
000000266556
000000121904
000000050563
000000411962
000000376416
000000359039
000000524981
000000251347
000000299319
000000483083
000000490117
000000107097
000000379055
000000483382
000000500069
000000325555
000000051866
000000516516
000000541456
000000277094
000000446531
000000576385
000000490259
000000568495
000000494471
000000524681
000000303320
000000217293
000000324638
000000033871
000000327788
000000366179
000000181757
000000575029
000000053208
000000284336
000000506898
000000099389
000000023501
000000238018
000000091520
000000206469
000000246650
000000018507
000000187450
000000452737
000000043248
000000514598
000000006631
000000145738
000000253087
000000547745
000000299764
000000026310
000000527509
000000321577
000000042870
000000205313
000000407149
000000023137
000000055744
000000455946
000000415925
000000456949
000000551074
000000187025
000000507809
000000534958
000000428726
000000018401
000000337536
000000124133
000000543454
000000516205
000000037864
000000219590
000000557339
000000077689
000000111245
000000312403
000000045496
000000474168
000000330993
000000059012
000000458637
000000262851
000000498615
000000041356
000000489070
000000573898
000000128812
000000394050
000000425292
000000150091
000000393575
000000161846
000000254599
000000014269
000000341039
000000083014
000000434043
000000174669
000000306890
000000384146
000000372230
000000224379
000000499700
000000050627
000000429059
000000549780
000000186497
000000159972
000000207995
000000028714
000000375286
000000211161
000000373038
000000373137
000000206934
000000482022
000000203021
000000174560
000000087604
000000064836
000000183330
000000419371
000000567082
000000177775
000000411343
000000035571
000000337976
000000346388
000000142263
000000088695
000000118363
000000459967
000000252220
000000316041
000000515916
000000067779
000000283863
000000404766
000000279024
000000562650
000000282855
000000402235
000000358466
000000532735
000000403515
000000243857
000000427221
000000366517
000000085803
000000492719
000000412641
000000288589
000000191925
000000575918
000000109824
000000223832
000000058910
000000553179
000000514605
000000336492
000000052299
000000566262
000000173652
000000303658
000000456146
000000268717
000000209548
000000225322
000000111936
000000522620
000000522225
000000259715
000000090724
000000405660
000000408833
000000016255
000000241211
000000380756
000000472266
000000428995
000000337716
000000111376
000000035269
000000541197
000000407470
000000267048
000000301591
000000300966
000000557965
000000442793
000000197951
000000366099
000000338367
000000537512
000000460143
000000560046
000000350084
000000319938
000000023361
000000007228
000000263512
000000391773
000000330112
000000447235
000000386637
000000295558
000000522703
000000431872
000000268510
000000025765
000000522778
000000110217
000000202755
000000007276
000000449727
000000124994
000000485822
000000144666
000000117788
000000152255
000000266914
000000274019
000000399774
000000150324
000000322816
000000296303
000000394352
000000385196
000000224505
000000176194
000000287900
000000525899
000000371058
000000238258
000000239656
000000358058
000000410054
000000030478
000000579699
000000238748
000000121340
000000010012
000000491844
000000544913
000000376870
000000490871
000000290332
000000040931
000000100579
000000234370
000000547944
000000283377
000000199688
000000414698
000000486543
000000271422
000000144372
000000395230
000000526371
000000284233
000000201601
000000180650
000000489140
000000484364
000000170852
000000292590
000000284910
000000341246
000000127823
000000086678
000000143501
000000264608
000000118642
000000265648
000000265235
000000011996
000000195507
000000226552
000000494398
000000541837
000000347445
000000299688
000000253725
000000449056
000000124786
000000130972
000000137029
000000291528
000000330920
000000085209
000000012754
000000443479
000000423065
000000305450
000000020640
000000113127
000000346938
000000534035
000000500194
000000073039
000000578596
000000021622
000000533446
000000285132
000000229107
000000220912
000000354095
000000318190
000000496766
000000387208
000000294581
000000152963
000000265789
000000440527
000000229740
000000234499
000000308156
000000394271
000000570394
000000248919
000000417766
000000168129
000000336749
000000230931
000000052340
000000427348
000000072397
000000310258
000000462803
000000434389
000000025801
000000170162
000000246587
000000027285
000000310671
000000436265
000000389453
000000567803
000000480914
000000099681
000000122605
000000383967
000000234040
000000138556
000000530684
000000263231
000000068147
000000162559
000000382005
000000298152
000000400603
000000477085
000000061982
000000114144
000000520005
000000557334
000000094162
000000107001
000000306663
000000000605
000000488510
000000393601
000000353133
000000112608
000000074990
000000283912
000000435488
000000570659
000000148032
000000450026
000000389154
000000343255
000000572475
000000275708
000000164572
000000066118
000000127531
000000400568
000000268659
000000140243
000000333599
000000423778
000000533807
000000303651
000000187442
000000333190
000000327047
000000196676
000000522195
000000095337
000000570117
000000191990
000000354724
000000144089
000000422502
000000508695
000000215616
000000086408
000000403834
000000487631
000000394483
000000296159
000000283961
000000008659
000000161246
000000206893
000000424429
000000006580
000000132485
000000071344
000000469191
000000496097
000000577795
000000449841
000000012943
000000501204
000000203129
000000267594
000000331334
000000090020
000000581732
000000211560
000000276801
000000428011
000000511121
000000051342
000000246586
000000480087
000000307265
000000112160
000000039509
000000407974
000000268892
000000212380
000000043340
000000365572
000000069320
000000320947
000000283190
000000269736
000000494550
000000192676
000000471946
000000505655
000000064899
000000269592
000000334187
000000222929
000000571585
000000053490
000000345580
000000581593
000000525075
000000477005
000000025854
000000563647
000000067099
000000086147
000000390792
000000039961
000000507168
000000243418
000000362839
000000117095
000000269577
000000293383
000000264940
000000435141
000000475103
000000356733
000000454562
000000356066
000000434127
000000529041
000000324342
000000285851
000000097260
000000510339
000000467654
000000413128
000000310981
000000265398
000000430495
000000308388
000000286678
000000078436
000000455523
000000003321
000000428389
000000373880
000000054406
000000557343
000000475529
000000296943
000000500789
000000573509
000000404992
000000292410
000000489810
000000536058
000000421804
000000350974
000000338607
000000044734
000000295122
000000390692
000000464888
000000180764
000000478532
000000389921
000000240485
000000104191
000000536400
000000510152
000000169171
000000238001
000000263783
000000447095
000000549194
000000269848
000000467384
000000571978
000000482563
000000032206
000000027842
000000535292
000000109848
000000449119
000000535445
000000137694
000000549459
000000264752
000000430351
000000306454
000000149298
000000193547
000000459694
000000555613
000000479068
000000219525
000000383001
000000466573
000000152914
000000388203
000000201111
000000207556
000000496392
000000054305
000000579394
000000256544
000000399012
000000186720
000000338173
000000548061
000000360736
000000460995
000000024242
000000018819
000000127405
000000522061
000000058137
000000178131
000000026978
000000437948
000000023957
000000221430
000000231450
000000183588
000000559776
000000402514
000000106001
000000178666
000000006450
000000154584
000000446884
000000191717
000000517487
000000336058
000000164439
000000572182
000000090708
000000376557
000000573536
000000250703
000000222961
000000386834
000000031481
000000564654
000000511527
000000479081
000000578128
000000530952
000000074446
000000175739
000000046065
000000133273
000000207454
000000031634
000000134459
000000444502
000000042800
000000512110
000000219486
000000521950
000000319346
000000485616
000000324645
000000149204
000000238449
000000462329
000000008095
000000157231
000000462984
000000213433
000000411937
000000069488
000000519850
000000279377
000000416943
000000326849
000000099046
000000572352
000000290942
000000146881
000000096690
000000341209
000000498460
000000203729
000000109390
000000337689
000000581507
000000227869
000000232073
000000185587
000000020106
000000179151
000000241622
000000242909
000000569729
000000412676
000000214725
000000463613
000000056306
000000052282
000000360329
000000001102
000000047629
000000287062
000000134215
000000156652
000000412661
000000320481
000000363399
000000170630
000000160858
000000109229
000000141205
000000075170
000000280814
000000064348
000000551559
000000542611
000000376426
000000444273
000000147856
000000345149
000000569505
000000502117
000000376990
000000134918
000000292058
000000297166
000000135577
000000061837
000000549135
000000428605
000000488422
000000360283
000000344758
000000229599
000000443602
000000102755
000000445105
000000353344
000000413354
000000526030
000000303227
000000278177
000000490155
000000331863
000000030443
000000283505
000000264830
000000517998
000000054655
000000072737
000000205384
000000483272
000000235904
000000352399
000000027742
000000404972
000000161836
000000346754
000000557804
000000427341
000000198923
000000428809
000000049217
000000362685
000000281003
000000413951
000000441382
000000140291
000000065955
000000047916
000000266712
000000082721
000000174504
000000166869
000000141376
000000354382
000000227959
000000327202
000000528084
000000222475
000000091942
000000043678
000000101096
000000134285
000000078716
000000195791
000000014089
000000208834
000000377326
000000028239
000000177977
000000563898
000000208690
000000277379
000000161047
000000043753
000000337120
000000432914
000000317986
000000158507
000000555309
000000373536
000000177064
000000496411
000000173533
000000081315
000000006562
000000276956
000000074902
000000462712
000000102357
000000093773
000000416528
000000172608
000000245566
000000430989
000000389137
000000073119
000000146253
000000032300
000000508470
000000251079
000000543560
000000553600
000000444453
000000122352
000000212091
000000240087
000000548384
000000289263
000000312785
000000307764
000000334383
000000258854
000000390474
000000446494
000000319693
000000256221
000000435809
000000041867
000000287884
000000044263
000000120850
000000450212
000000537648
000000259853
000000011537
000000360370
000000546933
000000123137
000000093959
000000167640
000000216454
000000211027
000000508672
000000051563
000000412680
000000086559
000000513371
000000290080
000000493692
000000136721
000000560691
000000051277
000000134288
000000428263
000000142668
000000037925
000000184642
000000459093
000000253890
000000119423
000000145488
000000236910
000000192345
000000224530
000000133667
000000157242
000000218454
000000247269
000000477682
000000025516
000000381721
000000463836
000000065170
000000568132
000000199952
000000434877
000000499200
000000465093
000000362138
000000286619
000000207739
000000183302
000000268084
000000449384
000000393836
000000532495
000000383163
000000305832
000000200619
000000084114
000000244665
000000210997
000000559780
000000059383
000000209768
000000335184
000000321849
000000156506
000000382210
000000166693
000000539359
000000337621
000000293907
000000019647
000000566518
000000175256
000000434177
000000228123
000000188866
000000029875
000000388153
000000155794
000000106123
000000529012
000000523390
000000518122
000000041730
000000087216
000000047073
000000084193
000000007894
000000479593
000000562113
000000050753
000000503183
000000496607
000000503761
000000045226
000000457434
000000433387
000000521796
000000094031
000000198017
000000570406
000000095677
000000405840
000000311882
000000469197
000000264032
000000577738
000000111873
000000569742
000000415570
000000278032
000000128645
000000343969
000000155245
000000455758
000000270639
000000487649
000000261240
000000512187
000000282928
000000232094
000000265351
000000500585
000000497662
000000220006
000000555048
000000443944
000000532559
000000099186
000000367535
000000271206
000000097899
000000432683
000000219958
000000047974
000000133515
000000025987
000000052611
000000380108
000000161873
000000365519
000000297676
000000285961
000000214664
000000016290
000000189547
000000027235
000000528448
000000165455
000000270686
000000224470
000000309598
000000175500
000000282834
000000369776
000000050658
000000542321
000000153397
000000246478
000000187765
000000205656
000000033883
000000482069
000000069411
000000532671
000000121366
000000431146
000000128833
000000480181
000000363407
000000016344
000000419474
000000111104
000000209844
000000463783
000000308121
000000058851
000000460040
000000057878
000000162355
000000461404
000000374077
000000576262
000000374005
000000573456
000000513573
000000393027
000000521867
000000064501
000000577301
000000041887
000000428093
000000250870
000000483187
000000033077
000000099008
000000108384
000000341399
000000196342
000000374395
000000165607
000000145682
000000075621
000000032270
000000313802
000000312867
000000171376
000000243328
000000530713
000000094774
000000413699
000000193166
000000468287
000000401602
000000058223
000000471278
000000149115
000000224781
000000164043
000000140661
000000497440
000000237100
000000338050
000000095078
000000339031
000000272241
000000183991
000000479292
000000072370
000000455995
000000566835
000000541771
000000068860
000000575949
000000174527
000000399750
000000457133
000000336230
000000141887
000000349401
000000269033
000000042429
000000532285
000000157476
000000107782
000000298588
000000114891
000000268547
000000381060
000000380634
000000031642
000000487994
000000197053
000000044962
000000101088
000000394840
000000360772
000000245265
000000250035
000000544660
000000323561
000000443432
000000455948
000000323116
000000067680
000000558911
000000559474
000000247086
000000212532
000000474283
000000278938
000000248066
000000361172
000000410889
000000124152
000000534448
000000067647
000000131416
000000559760
000000001496
000000450102
000000090258
000000577223
000000084784
000000022236
000000266622
000000373254
000000413172
000000274602
000000455444
000000402326
000000120874
000000541343
000000035272
000000083669
000000426980
000000549088
000000036278
000000244122
000000522054
000000132523
000000051801
000000525589
000000533134
000000250745
000000302687
000000020692
000000050366
000000169311
000000463655
000000027975
000000306161
000000276620
000000379820
000000288372
000000495014
000000210404
000000053644
000000184994
000000222259
000000050956
000000115506
000000281917
000000414115
000000347688
000000472246
000000497579
000000052983
000000056632
000000335532
000000168832
000000371928
000000235302
000000344702
000000202511
000000103018
000000497815
000000051504
000000081322
000000527291
000000421144
000000345498
000000338549
000000486807
000000361959
000000515682
000000288224
000000093894
000000477120
000000567982
000000038532
000000123013
000000492583
000000097283
000000008181
000000226517
000000147404
000000384122
000000530640
000000297349
000000293570
000000330919
000000468894
000000543620
000000468773
000000209097
000000095100
000000177289
000000347297
000000095592
000000054228
000000354333
000000060213
000000083635
000000576702
000000509188
000000334872
000000563605
000000006627
000000315314
000000023875
000000371702
000000287223
000000236996
000000229391
000000095509
000000567530
000000049346
000000466480
000000512582
000000217636
000000506039
000000092909
000000164205
000000271712
000000532605
000000032639
000000568210
000000563730
000000266659
000000292719
000000545114
000000060034
000000480991
000000488396
000000310890
000000429811
000000032579
000000414851
000000169174
000000061403
000000274509
000000361594
000000424111
000000520361
000000349475
000000247543
000000029894
000000289341
000000444392
000000269022
000000471762
000000275695
000000015678
000000316240
000000316581
000000031437
000000511482
000000439596
000000147568
000000319902
000000501263
000000425944
000000229058
000000435164
000000039438
000000243478
000000386537
000000250966
000000569188
000000033787
000000124246
000000412222
000000278418
000000427980
000000044057
000000506141
000000024097
000000225554
000000302388
000000116031
000000241860
000000385302
000000144430
000000492659
000000271034
000000248932
000000288599
000000377926
000000119751
000000140278
000000124829
000000151637
000000166340
000000038904
000000458057
000000230017
000000167859
000000051028
000000127937
000000513056
000000495637
000000320609
000000221696
000000209746
000000194050
000000263454
000000557832
000000354744
000000168991
000000129187
000000163553
000000546765
000000275668
000000165133
000000424229
000000512455
000000240275
000000007035
000000468623
000000463101
000000192259
000000248045
000000456478
000000495199
000000557562
000000329394
000000175421
000000525691
000000413324
000000209431
000000342774
000000008547
000000128299
000000483530
000000074328
000000225468
000000171997
000000411187
000000322892
000000046997
000000220991
000000201623
000000089947
000000147735
000000392443
000000230236
000000237190
000000340674
000000515911
000000419497
000000399937
000000529586
000000362007
000000408672
000000195124
000000361370
000000228647
000000341420
000000137583
000000218305
000000092181
000000300868
000000042507
000000567964
000000301747
000000016318
000000128093
000000276894
000000406490
000000520343
000000347392
000000063973
000000190550
000000387930
000000473879
000000392928
000000573195
000000524297
000000312506
000000006042
000000114469
000000395768
000000468603
000000382443
000000084852
000000559754
000000129613
000000321382
000000030713
000000054375
000000211370
000000441054
000000272997
000000185327
000000418805
000000283093
000000153267
000000530683
000000114101
000000556345
000000392153
000000137666
000000070987
000000423327
000000491558
000000485179
000000296560
000000544568
000000461821
000000379841
000000321008
000000227441
000000268058
000000465740
000000413245
000000293252
000000356868
000000346259
000000396890
000000332015
000000113952
000000287659
000000527558
000000221713
000000303991
000000337390
000000018316
000000549276
000000140918
000000406662
000000487854
000000210809
000000043922
000000213276
000000267388
000000115342
000000229598
000000110298
000000161141
000000038305
000000091295
000000121142
000000121188
000000451683
000000371739
000000462798
000000258710
000000566146
000000360173
000000387977
000000071256
000000315453
000000243029
000000083716
000000021504
000000080431
000000044454
000000385178
000000558798
000000034475
000000406168
000000246221
000000412455
000000336569
000000259233
000000241599
000000402762
000000297637
000000305000
000000326716
000000410302
000000169891
000000246263
000000316482
000000203119
000000057719
000000080646
000000296208
000000465422
000000408718
000000153733
000000317428
000000381854
000000054893
000000285832
000000481678
000000564481
000000546018
000000542809
000000252340
000000436596
000000024787
000000146649
000000224138
000000339171
000000036059
000000271396
000000230117
000000030100
000000511644
000000499801
000000133532
000000034808
000000579101
000000144330
000000300725
000000519552
000000453138
000000548619
000000385042
000000511670
000000097914
000000570297
000000466211
000000111347
000000254242
000000558064
000000539418
000000080495
000000264846
000000433225
000000261381
000000141955
000000279322
000000462527
000000129100
000000024571
000000152776
000000284084
000000207860
000000259610
000000105115
000000122537
000000518843
000000549885
000000327211
000000105102
000000083809
000000094012
000000492658
000000063081
000000091285
000000164543
000000139729
000000491336
000000133650
000000114420
000000302230
000000324381
000000325042
000000409143
000000235582
000000345288
000000240960
000000447113
000000431190
000000236316
000000023623
000000069346
000000349337
000000225191
000000029656
000000267338
000000350165
000000204609
000000263504
000000340318
000000276565
000000078093
000000365068
000000496869
000000037030
000000206058
000000086861
000000215523
000000494300
000000322820
000000307734
000000389128
000000466575
000000385005
000000472089
000000337304
