000000102755
000000422661
000000431146
000000360412
000000316041
000000391773
000000062337
000000383508
000000015610
000000293605
000000052282
000000206893
000000427013
000000166693
000000191990
000000529136
000000134215
000000018507
000000443432
000000203616
000000054893
000000377326
000000006450
000000196676
000000247086
000000377361
000000557334
000000443410
000000482563
000000327202
000000132946
000000092088
000000134459
000000376870
000000065953
000000518667
000000032190
000000282150
000000545676
000000497579
000000109177
000000283961
000000438692
000000276971
000000107001
000000341420
000000460407
000000090718
000000436981
000000407905
000000329380
000000421109
000000269650
000000187351
000000524297
000000265351
000000211027
000000030100
000000051504
000000175357
000000337976
000000105115
000000061403
000000548619
000000412222
000000330919
000000000542
000000366089
000000127669
000000579699
000000030713
000000236925
000000384910
000000196245
000000147082
000000303227
000000316934
000000060034
000000319346
000000530683
000000435164
000000215012
000000142969
000000548061
000000137452
000000412661
000000055744
000000481142
000000199572
000000053150
000000515682
000000469373
000000064348
000000067470
000000548275
000000387930
000000197212
000000104044
000000234370
000000030478
000000003321
000000193315
000000511527
000000321577
000000169174
000000486449
000000342336
000000574370
000000047916
000000165141
000000394352
000000404972
000000094132
000000387083
000000263881
000000276076
000000473014
000000501578
000000491850
000000101094
000000427348
000000534275
000000554828
000000175469
000000300725
000000360283
000000456146
000000511204
000000373038
000000559760
000000169311
000000337479
000000052983
000000272241
000000536711
000000287223
000000250703
000000274467
000000354744
000000039531
000000286009
000000039814
000000183809
000000341145
000000505655
000000240210
000000020106
000000452772
000000572572
000000357510
000000464888
000000056961
000000164043
000000389154
000000010405
000000030508
000000539848
000000409143
000000187280
000000173864
000000232954
000000475529
000000089397
000000550610
000000037864
000000462329
000000507950
000000411937
000000038786
000000530952
000000334383
000000360269
000000084784
000000163250
000000498339
000000558387
000000160852
000000449727
000000147735
000000230931
000000518122
000000578099
000000259715
000000219544
000000175500
000000519188
000000579394
000000559776
000000421804
000000168129
000000323375
000000031396
000000251277
000000523252
000000354553
000000557965
000000061626
000000164205
000000170730
000000532671
000000091520
000000173652
000000286471
000000050658
000000358989
000000456652
000000152255
000000532285
000000061982
000000573509
000000263993
000000338549
000000006631
000000497662
000000087604
000000114144
000000285841
000000495637
000000284084
000000069189
000000506039
000000543560
000000455948
000000360370
000000266659
000000132084
000000305978
000000324981
000000218870
000000569520
000000421157
000000145448
000000447235
000000448475
000000070861
000000546933
000000094031
000000095509
000000477828
000000271034
000000462984
000000238258
000000424429
000000345498
000000301747
000000300979
000000436303
000000417693
000000140278
000000471278
000000042441
000000145747
000000338607
000000279322
000000233439
000000565612
000000263135
000000324342
000000572178
000000296560
000000175314
000000175523
000000507397
000000578350
000000383163
000000569729
000000522225
000000505471
000000297312
000000525813
000000187450
000000353344
000000312479
000000148251
000000033144
000000556345
000000396934
000000124152
000000061904
000000549708
000000134918
000000115342
000000385302
000000101088
000000007035
000000313091
000000478532
000000249132
000000498615
000000175256
000000098290
000000205656
000000138095
000000240275
000000469197
000000041867
000000380756
000000344702
000000193011
000000251936
000000080431
000000502438
000000277955
000000405840
000000317428
000000361431
000000363407
000000063973
000000473587
000000520767
000000183302
000000158326
000000368905
000000394681
000000254242
000000078865
000000137583
000000346259
000000386637
000000468773
000000467675
000000032688
000000497815
000000058223
000000525128
000000118911
000000251079
000000189559
000000492659
000000322820
000000114891
000000549183
000000438196
000000527558
000000556500
000000073119
000000279024
000000127937
000000426094
000000573195
000000531368
000000217293
000000271112
000000165455
000000410152
000000305450
000000491336
000000148032
000000099389
000000084956
000000458705
000000250870
000000391989
000000552149
000000457434
000000161836
000000116031
000000461404
000000279377
000000043678
000000379193
000000399102
000000450483
000000287659
000000248045
000000097899
000000038904
000000087216
000000023361
000000050995
000000529475
000000540407
000000210883
000000099046
000000539683
000000033883
000000178388
000000188552
000000557832
000000233039
000000577795
000000117380
000000054305
000000186950
000000366179
000000524981
000000574599
000000529586
000000256544
000000155540
000000463655
000000042800
000000434877
000000284910
000000217636
000000117497
000000192259
000000155912
000000439890
000000268084
000000481678
000000170162
000000300887
000000142718
000000251466
000000027975
000000564654
000000580856
000000351930
000000332078
000000193121
000000232574
000000520343
000000112608
000000170852
000000160402
000000193707
000000319902
000000086559
000000203729
000000394840
000000248471
000000241622
000000203796
000000380634
000000560046
000000449599
000000513371
000000315453
000000067230
000000278032
000000411187
000000011202
000000489391
000000339171
000000521480
000000515911
000000337120
000000170035
000000066118
000000087933
000000153397
000000143653
000000424229
000000400603
000000207860
000000286678
000000465093
000000288372
000000331490
000000374023
000000508695
000000377366
000000233637
000000407974
000000382443
000000323116
000000007623
000000185327
000000524946
000000099025
000000428809
000000134490
000000326236
000000372536
000000380720
000000559830
000000517579
000000549088
000000278177
000000111661
000000238748
000000322945
000000008794
000000222929
000000541267
000000550670
000000045535
000000419497
000000578596
000000535292
000000268032
000000220912
000000024480
000000500092
000000492658
000000237427
000000203257
000000522195
000000094162
000000229821
000000466202
000000250998
000000527509
000000222259
000000402234
000000311112
000000516344
000000051563
000000025854
000000303018
000000392153
000000379654
000000169401
000000243418
000000395230
000000189773
000000216391
000000580906
000000307265
000000120874
000000156506
000000122899
000000181595
000000567391
000000292410
000000408833
000000382005
000000530640
000000492469
000000374922
000000119594
000000157476
000000175421
000000427221
000000114101
000000011996
000000566262
000000185156
000000287062
000000461821
000000362331
000000114469
000000220006
000000343255
000000043286
000000463669
000000480914
000000570297
000000060890
000000354444
000000263231
000000508218
000000228647
000000460995
000000175739
000000198269
000000268547
000000213412
000000008547
000000293720
000000181776
000000570406
000000525691
000000570349
000000345434
000000235063
000000129100
000000425292
000000310890
000000109848
000000199952
000000135681
000000434576
000000022149
000000146881
000000581881
000000151637
000000221948
000000198977
000000435454
000000393412
000000023957
000000298588
000000028714
000000111376
000000374077
000000483272
000000258159
000000321766
000000245746
000000086098
000000174560
000000298793
000000320273
000000137694
000000263454
000000127096
000000511058
000000121188
000000362503
000000502285
000000444273
000000456478
000000222961
000000343504
000000350974
000000533446
000000340333
000000347445
000000387977
000000442793
000000393840
000000430495
000000118579
000000054655
000000472089
000000302388
000000381721
000000387000
000000147204
000000114420
000000440527
000000251816
000000569079
000000472841
000000106017
000000468713
000000465814
000000222145
000000226034
000000399937
000000487631
000000297166
000000024097
000000058281
000000432914
000000249543
000000069009
000000441054
000000349475
000000362685
000000313802
000000095592
000000145212
000000161141
000000141887
000000569505
000000249993
000000508672
000000450212
000000004212
000000221241
000000192676
000000513056
000000264353
000000213437
000000008181
000000498813
000000478132
000000264752
000000308195
000000525589
000000346388
000000500194
000000238568
000000436797
000000040931
000000206717
000000084852
000000384122
000000032206
000000360575
000000349401
000000333190
000000209768
000000487854
000000428389
000000519850
000000394240
000000140992
000000412676
000000247543
000000220991
000000539359
000000473665
000000229740
000000303651
000000318190
000000161873
000000224781
000000179238
000000293907
000000067680
000000211560
000000348585
000000312506
000000361370
000000358527
000000311232
000000067208
000000520005
000000322031
000000198017
000000337304
000000008659
000000215616
000000293570
000000348487
000000283505
000000294581
000000325042
000000251347
000000044962
000000260883
000000577223
000000302687
000000516319
000000551559
000000117095
000000485822
000000045496
000000466480
000000009060
000000074446
000000427366
000000517029
000000550759
000000270686
000000291687
000000169360
000000365519
000000300179
000000345580
000000366517
000000551118
000000498460
000000023137
000000128833
000000356507
000000180925
000000097283
000000537560
000000232503
000000246876
000000230522
000000533807
000000425944
000000350084
000000410356
000000538018
000000538249
000000008548
000000145383
000000335184
000000250745
000000480991
000000353133
000000374717
000000121340
000000349561
000000426229
000000097213
000000402762
000000070493
000000574087
000000419371
000000096514
000000468692
000000495199
000000178708
000000162355
000000572475
000000543547
000000380499
000000503761
000000103819
000000154584
000000064899
000000144089
000000398489
000000565875
000000445500
000000277592
000000335451
000000224379
000000477085
000000273118
000000337716
000000549194
000000450102
000000314949
000000460143
000000447684
000000351876
000000408801
000000234255
000000128645
000000263512
000000120850
000000228123
000000058137
000000110298
000000389453
000000404992
000000229107
000000453138
000000115404
000000517417
000000285961
000000167544
000000276801
000000150091
000000276766
000000319938
000000142263
000000118682
000000031481
000000297828
000000518974
000000501142
000000319693
000000006562
000000503985
000000458864
000000447113
000000160858
000000421144
000000019647
000000174527
000000025516
000000093773
000000536400
000000411343
000000308388
000000359925
000000562573
000000018819
000000022236
000000073039
000000369094
000000473879
000000490155
000000238095
000000376921
000000358765
000000310552
000000174831
000000077548
000000469605
000000268659
000000494398
000000167892
000000406168
000000148554
000000250966
000000218305
000000306161
000000524249
000000322892
